ATLM
0.3265587756904636 0.3739910536025167 0.4010409030135328 0.4507116734154768 0.4518002412556834 0.4519825129496561 0.4531540877432482 0.4658518695265844 0.4660120407498385 0.4913356513345306 0.5398540731474277 0.5521597214784633 0.584463415638035 0.5977717145020645 0.6181774342524144 0.6450973539088493 0.6761268256471722 0.6762208367100545 0.7061511087356025 0.715769725094614 0.7176294578050694 0.8106522201586509 0.8133233779571138 0.8213536909949526 0.8583011029771472 0.8768463111354037 0.9111896720958732 0.9466674775122128 0.9969819088132771 1.0427085700825864 1.0797797798642872 1.0906689579075357 1.0910096525695248 1.1018465140467937 1.123625266064511 1.1525412058161952 1.1791503808107977 1.187448508076704 1.2411431424580297 1.2451779315255738 1.2506796246844596 1.264144239193204 1.3157965121392894 1.3320923191535952 1.3458021193990888 1.3534854822907716 1.357294875524627 1.4132639630433799 1.6079511492995744 1.641201812832903 1.6535608127674075 1.670377757363275 1.8235444319134344 1.8285964676586164 2.0066056913219104 2.028774519164596 2.0384027096559496 2.126512208683609 2.4364249776409532 3.047499793454973

ABE0
0.2703775364311514 0.2703775364311514 0.2703775364311514 0.2703775364311514 0.2703775364311514 0.2703775364311514 0.2703775364311514 0.2703775364311514 0.2703775364311514 0.2703775364311514 0.3654251634439154 0.3654251634439154 0.3654251634439154 0.3654251634439154 0.3654251634439154 0.3654251634439154 0.3654251634439154 0.3654251634439154 0.3654251634439154 0.3654251634439154 0.3803763969553726 0.3803763969553726 0.3803763969553726 0.3803763969553726 0.3803763969553726 0.3803763969553726 0.3803763969553726 0.3803763969553726 0.3803763969553726 0.3803763969553726 0.3821195246803281 0.3821195246803281 0.3821195246803281 0.3821195246803281 0.3821195246803281 0.3821195246803281 0.3821195246803281 0.3821195246803281 0.3821195246803281 0.3821195246803281 0.5297732722715398 0.5297732722715398 0.5297732722715398 0.5297732722715398 0.5297732722715398 0.5297732722715398 0.5297732722715398 0.5297732722715398 0.5297732722715398 0.5308909063116934 0.5308909063116934 0.5308909063116934 0.5308909063116934 0.5308909063116934 0.5308909063116934 0.5308909063116934 0.5308909063116934 0.5308909063116934 0.5308909063116934

RANDOM40
0.06997908985820656 0.08769070796353792 0.13331508992468416 0.14710796202920934 0.15662252612995856 0.16798702835135476 0.19477756056815426 0.19477756056815426 0.20279335425759765 0.2113610998374544 0.22153919598258606 0.22991988068255195 0.2312778737252801 0.2373976841463896 0.2466407395019717 0.2489672953893866 0.2674194079173322 0.2814885069022661 0.28238660021037465 0.2876372720591551 0.2911926352620013 0.2973669112284464 0.29833310883885633 0.3016038893445743 0.3155415658620037 0.3169207401380989 0.32475169628897643 0.3396360481029787 0.3429427946499312 0.3470758318355764 0.3501094418748452 0.36157654806457545 0.3632319255584348 0.3683247337266672 0.3685039059361901 0.3710405502285171 0.37153300769049175 0.3716491626434185 0.3858323066342729 0.4061576076674682 0.4077272892784869 0.4122413641002952 0.4154705691331598 0.4231201391305065 0.4283893983205656 0.43251102110713135 0.4355249953059949 0.4430361718189073 0.4757737300915984 0.4794079848981734 0.4800089149545013 0.4881151604076613 0.4918367834465185 0.4932450465875745 0.5360259222484203 0.5429787705738119 0.5433955339566885 0.6108593116135921 0.6402679218736624 0.7404377691650426

RANDOM160
0.001518353726362681 0.0016591422121897087 0.09007704952944368 0.0929940378562074 0.1070065041706864 0.11882590029716192 0.12340959299183085 0.12506681828693314 0.13820862231794245 0.15574717641360766 0.1686440182479269 0.17399271753764278 0.18227720256361096 0.1864749011605571 0.19734483903086625 0.19810201660735466 0.19868401120469026 0.20334875685060544 0.21439019514740754 0.22429464153505554 0.23163564173998674 0.2337441515968575 0.2388309709260839 0.24015745848323705 0.2410350470813937 0.250328785615325 0.25903657298645033 0.26015826183259194 0.2637401817229468 0.2694575891302376 0.2694575891302376 0.274315930426478 0.2743917716775081 0.27697346851871785 0.28171083536471675 0.2879270610661693 0.2897560975609757 0.2897836417315143 0.2938264199810517 0.30438604273877023 0.3049312391227189 0.3086643006524764 0.3312323636585606 0.3321272101779597 0.3566507136985252 0.37055401385097775 0.3762329618605673 0.3796881525284169 0.3953041457967912 0.3976652806652807 0.40230908431631 0.4072377670595164 0.4155013241390941 0.415611269061773 0.4305772621532874 0.50827400879853 0.6365067793883432 0.6870180047792654 0.7605978743131154 2.720872263960993

DE2
0.07242949947654836 0.07869471354153519 0.07893157112770821 0.09003629938717322 0.10537206919323476 0.11117512300299387 0.114117076167565 0.11701907359079965 0.12568033771008005 0.13468915380829105 0.13747540307959294 0.1404280939906687 0.14146910221531284 0.1421814397880995 0.14241038270591455 0.14795242391924893 0.14837557515570826 0.14997035060411695 0.16149607779995673 0.162949170979099 0.1664452284350594 0.16740749439720934 0.16836112842782788 0.16940674109190745 0.1758841406601242 0.18015700898381914 0.18146935308161088 0.18146935308161088 0.18292896086841545 0.1835829367902628 0.1840143771561969 0.18954895421400209 0.18954895421400209 0.19131131462437675 0.1929639401934916 0.19298113851895374 0.1938203376002672 0.19470390460172926 0.19728662414264886 0.1981521490864152 0.2014845011194568 0.20616934190715536 0.212491014783867 0.22086264912817372 0.22116052500694147 0.2280965620215896 0.2334624849904991 0.2492925608693918 0.2527415588460275 0.2546060109410362 0.2888952365331641 0.29848556155833783 0.3841844839134205 0.4398698347496167 0.4846616540983086 0.5208217011073 0.5693521348517236 0.5898131312576727 0.6283531616335842 0.6472981405535285

DE8
0.07668732808752879 0.07883074552099317 0.07892526935447305 0.0789255030991907 0.08216973526206857 0.08396821917151866 0.0884273716743734 0.08986964119760678 0.0953638662154043 0.1011747825222922 0.11117512300299387 0.11701907359079965 0.1230878277793859 0.12808898585836315 0.12969143533283956 0.12969143533283956 0.13468915380829105 0.13468915380829105 0.13468915380829105 0.13747540307959294 0.1423226228894813 0.14253927284054999 0.1427081552441222 0.14795242391924893 0.14795242391924893 0.14998443229412284 0.15389993606865074 0.1578571369038193 0.15905177961104472 0.16087679821521916 0.16936664246358835 0.16936664246358835 0.16950665492939773 0.18292896086841545 0.18954895421400209 0.19040457650125672 0.1938203376002672 0.21886137671417089 0.22053808260704824 0.22093293107449533 0.22395616926343867 0.22975442707754026 0.2492083617957719 0.26447033668117104 0.2799369254697152 0.2840008313606821 0.3028955224934283 0.3044201589939902 0.3459414571574153 0.3464763488187241 0.3796136029261967 0.3802738004081384 0.38480132750746204 0.3861857359692045 0.3978286706062443 0.4456545721117102 0.4887858176151284 0.5771602563580238 0.6554917654946987 0.6557860216935794ATLM
0.3265587756904636 0.3739910536025167 0.4010409030135328 0.4507116734154768 0.4518002412556834 0.4519825129496561 0.4531540877432482 0.4658518695265844 0.4660120407498385 0.4913356513345306 0.5398540731474277 0.5521597214784633 0.584463415638035 0.5977717145020645 0.6181774342524144 0.6450973539088493 0.6761268256471722 0.6762208367100545 0.7061511087356025 0.715769725094614 0.7176294578050694 0.8106522201586509 0.8133233779571138 0.8213536909949526 0.8583011029771472 0.8768463111354037 0.9111896720958732 0.9466674775122128 0.9969819088132771 1.0427085700825864 1.0797797798642872 1.0906689579075357 1.0910096525695248 1.1018465140467937 1.123625266064511 1.1525412058161952 1.1791503808107977 1.187448508076704 1.2411431424580297 1.2451779315255738 1.2506796246844596 1.264144239193204 1.3157965121392894 1.3320923191535952 1.3458021193990888 1.3534854822907716 1.357294875524627 1.4132639630433799 1.6079511492995744 1.641201812832903 1.6535608127674075 1.670377757363275 1.8235444319134344 1.8285964676586164 2.0066056913219104 2.028774519164596 2.0384027096559496 2.126512208683609 2.4364249776409532 3.047499793454973

ABE0
0.2703775364311514 0.2703775364311514 0.2703775364311514 0.2703775364311514 0.2703775364311514 0.2703775364311514 0.2703775364311514 0.2703775364311514 0.2703775364311514 0.2703775364311514 0.3654251634439154 0.3654251634439154 0.3654251634439154 0.3654251634439154 0.3654251634439154 0.3654251634439154 0.3654251634439154 0.3654251634439154 0.3654251634439154 0.3654251634439154 0.3803763969553726 0.3803763969553726 0.3803763969553726 0.3803763969553726 0.3803763969553726 0.3803763969553726 0.3803763969553726 0.3803763969553726 0.3803763969553726 0.3803763969553726 0.3821195246803281 0.3821195246803281 0.3821195246803281 0.3821195246803281 0.3821195246803281 0.3821195246803281 0.3821195246803281 0.3821195246803281 0.3821195246803281 0.3821195246803281 0.5297732722715398 0.5297732722715398 0.5297732722715398 0.5297732722715398 0.5297732722715398 0.5297732722715398 0.5297732722715398 0.5297732722715398 0.5297732722715398 0.5308909063116934 0.5308909063116934 0.5308909063116934 0.5308909063116934 0.5308909063116934 0.5308909063116934 0.5308909063116934 0.5308909063116934 0.5308909063116934 0.5308909063116934

RANDOM40
0.06997908985820656 0.08769070796353792 0.13331508992468416 0.14710796202920934 0.15662252612995856 0.16798702835135476 0.19477756056815426 0.19477756056815426 0.20279335425759765 0.2113610998374544 0.22153919598258606 0.22991988068255195 0.2312778737252801 0.2373976841463896 0.2466407395019717 0.2489672953893866 0.2674194079173322 0.2814885069022661 0.28238660021037465 0.2876372720591551 0.2911926352620013 0.2973669112284464 0.29833310883885633 0.3016038893445743 0.3155415658620037 0.3169207401380989 0.32475169628897643 0.3396360481029787 0.3429427946499312 0.3470758318355764 0.3501094418748452 0.36157654806457545 0.3632319255584348 0.3683247337266672 0.3685039059361901 0.3710405502285171 0.37153300769049175 0.3716491626434185 0.3858323066342729 0.4061576076674682 0.4077272892784869 0.4122413641002952 0.4154705691331598 0.4231201391305065 0.4283893983205656 0.43251102110713135 0.4355249953059949 0.4430361718189073 0.4757737300915984 0.4794079848981734 0.4800089149545013 0.4881151604076613 0.4918367834465185 0.4932450465875745 0.5360259222484203 0.5429787705738119 0.5433955339566885 0.6108593116135921 0.6402679218736624 0.7404377691650426

RANDOM160
0.001518353726362681 0.0016591422121897087 0.09007704952944368 0.0929940378562074 0.1070065041706864 0.11882590029716192 0.12340959299183085 0.12506681828693314 0.13820862231794245 0.15574717641360766 0.1686440182479269 0.17399271753764278 0.18227720256361096 0.1864749011605571 0.19734483903086625 0.19810201660735466 0.19868401120469026 0.20334875685060544 0.21439019514740754 0.22429464153505554 0.23163564173998674 0.2337441515968575 0.2388309709260839 0.24015745848323705 0.2410350470813937 0.250328785615325 0.25903657298645033 0.26015826183259194 0.2637401817229468 0.2694575891302376 0.2694575891302376 0.274315930426478 0.2743917716775081 0.27697346851871785 0.28171083536471675 0.2879270610661693 0.2897560975609757 0.2897836417315143 0.2938264199810517 0.30438604273877023 0.3049312391227189 0.3086643006524764 0.3312323636585606 0.3321272101779597 0.3566507136985252 0.37055401385097775 0.3762329618605673 0.3796881525284169 0.3953041457967912 0.3976652806652807 0.40230908431631 0.4072377670595164 0.4155013241390941 0.415611269061773 0.4305772621532874 0.50827400879853 0.6365067793883432 0.6870180047792654 0.7605978743131154 2.720872263960993

DE2
0.07242949947654836 0.07869471354153519 0.07893157112770821 0.09003629938717322 0.10537206919323476 0.11117512300299387 0.114117076167565 0.11701907359079965 0.12568033771008005 0.13468915380829105 0.13747540307959294 0.1404280939906687 0.14146910221531284 0.1421814397880995 0.14241038270591455 0.14795242391924893 0.14837557515570826 0.14997035060411695 0.16149607779995673 0.162949170979099 0.1664452284350594 0.16740749439720934 0.16836112842782788 0.16940674109190745 0.1758841406601242 0.18015700898381914 0.18146935308161088 0.18146935308161088 0.18292896086841545 0.1835829367902628 0.1840143771561969 0.18954895421400209 0.18954895421400209 0.19131131462437675 0.1929639401934916 0.19298113851895374 0.1938203376002672 0.19470390460172926 0.19728662414264886 0.1981521490864152 0.2014845011194568 0.20616934190715536 0.212491014783867 0.22086264912817372 0.22116052500694147 0.2280965620215896 0.2334624849904991 0.2492925608693918 0.2527415588460275 0.2546060109410362 0.2888952365331641 0.29848556155833783 0.3841844839134205 0.4398698347496167 0.4846616540983086 0.5208217011073 0.5693521348517236 0.5898131312576727 0.6283531616335842 0.6472981405535285

DE8
0.07668732808752879 0.07883074552099317 0.07892526935447305 0.0789255030991907 0.08216973526206857 0.08396821917151866 0.0884273716743734 0.08986964119760678 0.0953638662154043 0.1011747825222922 0.11117512300299387 0.11701907359079965 0.1230878277793859 0.12808898585836315 0.12969143533283956 0.12969143533283956 0.13468915380829105 0.13468915380829105 0.13468915380829105 0.13747540307959294 0.1423226228894813 0.14253927284054999 0.1427081552441222 0.14795242391924893 0.14795242391924893 0.14998443229412284 0.15389993606865074 0.1578571369038193 0.15905177961104472 0.16087679821521916 0.16936664246358835 0.16936664246358835 0.16950665492939773 0.18292896086841545 0.18954895421400209 0.19040457650125672 0.1938203376002672 0.21886137671417089 0.22053808260704824 0.22093293107449533 0.22395616926343867 0.22975442707754026 0.2492083617957719 0.26447033668117104 0.2799369254697152 0.2840008313606821 0.3028955224934283 0.3044201589939902 0.3459414571574153 0.3464763488187241 0.3796136029261967 0.3802738004081384 0.38480132750746204 0.3861857359692045 0.3978286706062443 0.4456545721117102 0.4887858176151284 0.5771602563580238 0.6554917654946987 0.6557860216935794