ATLM
-1.37501512948 -1.2570171312799998 -1.10209370756 -0.7227159186229999 -0.615444415728 -0.48612463749300006 -0.43736313802 -0.413893813325 -0.374965138051 -0.352044498288 -0.346852810959 -0.234016077662 -0.16829308605 -0.07071762763780001 0.06313741338449999 0.0794180730014 0.09801810948619999 0.122665998475 0.159982918974 0.208926877858 0.21507215950599998 0.237987292806 0.24722701125500002 0.25181071934099997 0.253025843511 0.26179553315000004 0.263931613043 0.273712080231 0.281052566733 0.285304269167 0.289161771977 0.30072157209899997 0.307341226892 0.310373106213 0.310545995297 0.31744233281999995 0.325153868217 0.32633210405900004 0.327140525779 0.342329823211 0.344877474256 0.36807435085 0.369755347951 0.370509520643 0.384355733463 0.403453656914 0.416062403208 0.43123634558300006 0.43317288912199997 0.439555393526 0.46164025301399997 0.5332924604370001 0.5352572034399999 0.551665812396 0.551926071008 0.590067027848 0.6085720456139999 0.64440464833 0.7087482534720001 0.7725732524600001

ABE0
0.4107981220657277 0.4107981220657277 0.4107981220657277 0.4107981220657277 0.4107981220657277 0.4107981220657277 0.4107981220657277 0.4107981220657277 0.4107981220657277 0.4107981220657277 0.5484363081617085 0.5484363081617085 0.5484363081617085 0.5484363081617085 0.5484363081617085 0.5484363081617085 0.5484363081617085 0.5484363081617085 0.5484363081617085 0.5484363081617085 0.5833333333333334 0.5833333333333334 0.5833333333333334 0.5833333333333334 0.5833333333333334 0.5833333333333334 0.5833333333333334 0.5833333333333334 0.5833333333333334 0.5833333333333334 0.6077283372365341 0.6077283372365341 0.6077283372365341 0.6077283372365341 0.6077283372365341 0.6077283372365341 0.6077283372365341 0.6077283372365341 0.6077283372365341 0.6077283372365341 0.6272373540856031 0.6272373540856031 0.6272373540856031 0.6272373540856031 0.6272373540856031 0.6272373540856031 0.6272373540856031 0.6272373540856031 0.6272373540856031 0.6272373540856031 0.7082748948106592 0.7082748948106592 0.7082748948106592 0.7082748948106592 0.7082748948106592 0.7082748948106592 0.7082748948106592 0.7082748948106592 0.7082748948106592

RANDOM40
0.2031446841198028 0.3137845481222542 0.3186336030841984 0.33515283842794763 0.3602636534839924 0.3719159511274657 0.3842794759825329 0.4081514856801897 0.43219299824088975 0.4344978165938864 0.4397750841978639 0.4513296537882587 0.4620451882369049 0.4674747625128614 0.4789168344813268 0.4792576419213974 0.4817462554651962 0.4823889739663092 0.4829075159966865 0.4835213234299856 0.4956331877729258 0.4984934086629002 0.5008540070749338 0.5024182554643115 0.5073446327683615 0.514114627887083 0.518376722817764 0.5206738131699846 0.5215311004784688 0.5278552961383626 0.5306278713629402 0.5306907509616992 0.5352220520673812 0.546161565479177 0.5561510974987238 0.5630707476166583 0.5668316617934193 0.5672591791440359 0.5703755656629763 0.5715111112155623 0.5819586481089658 0.5831194753350442 0.5905295926277733 0.5977401129943504 0.6132174828857293 0.6150442477876107 0.6214689265536724 0.6255807650356529 0.6269698334083748 0.6355103655679111 0.680324178298064 0.6919969218930361 0.7236993144562179 0.7256638763178054 0.7438513397324924 0.7721711484347185 0.7726380570048998 0.8065730055193177 0.8160015655896898 0.8179688169292609

RANDOM160
-6.297545347162676 0.10008763447060563 0.24175523820203315 0.2706748485172457 0.3235294117647057 0.3272300469483568 0.4181442658799143 0.43378995433789946 0.4337899543378997 0.4521126760563379 0.4533890910353032 0.465918550794808 0.46958067395928 0.4869546909006162 0.4916413334046995 0.5193916349809886 0.5262357414448671 0.5274890566383132 0.5309471709909347 0.5346007604562739 0.5348731884057971 0.5354352105361474 0.5448356807511737 0.5482889733840304 0.551177536231884 0.5555555555555556 0.5658772515010009 0.5669201520912547 0.567742668788361 0.5708839647367168 0.5817925604033207 0.5848142123177222 0.5927366607952549 0.6009155589504019 0.6064311594202899 0.6492509363295882 0.6588802309319851 0.6905207115738478 0.7005478993172688 0.7015209125475286 0.7020926187123833 0.7031647675648652 0.7088014981273408 0.7215980024968789 0.7255094492109009 0.7271286231884058 0.7317054024563843 0.7342723004694836 0.7455399061032864 0.7483765510569742 0.7488116087065299 0.7821380211239203 0.7924708113912244 0.7946317103620475 0.7953750174995013 0.7990993244933701 0.8450913233405305 0.8570747975226299 0.8759643916913947 0.891365935110098

DE2
0.3188279769705989 0.3294247787610619 0.3490365452595805 0.3697951090548579 0.4029850746268656 0.4226625625240479 0.4305037313432837 0.4372103142450149 0.4576999339061466 0.4576999339061466 0.4611388995767602 0.4705228031145717 0.4771976206212822 0.4878731343283583 0.4894249834765366 0.5072703238598809 0.5376497668215594 0.5648107872988255 0.5821965470845066 0.5960820895522391 0.6063432835820897 0.609070796460177 0.6147388059701493 0.647244398231152 0.6518051326663767 0.6520226185297957 0.6817458513298478 0.6894577863239197 0.6925030509847554 0.6950848194867334 0.7038426557526148 0.7087053750798146 0.7149950347567031 0.7194104560622914 0.7385819921705091 0.7465300727032386 0.7635001194895298 0.7674640948406791 0.7687428985130129 0.7725619458967947 0.7785501489572991 0.7826535758036611 0.7843987311557453 0.7889321468298109 0.7899702085402185 0.7906901991506898 0.7922420637854554 0.7996498249124563 0.8017023702675781 0.8090862934915257 0.8176443838108229 0.8181404864741988 0.8204307264893456 0.826256289200697 0.8392526425758471 0.8412278554248365 0.8584965527662217 0.8599001573673912 0.8803510715753318 0.9092846452791271

DE8
0.14948472532237156 0.26011309264897803 0.3488378551261028 0.4043843283582091 0.4375413086582948 0.44180454020777216 0.4421271215081192 0.4441045606229143 0.4771976206212822 0.5072703238598809 0.5072703238598809 0.5072703238598809 0.5142095316824951 0.5263273848865389 0.5319525334506696 0.5448330523438474 0.5497246501105699 0.5648107872988256 0.5701491563041386 0.6063432835820897 0.6063432835820897 0.6115333773959022 0.6147388059701493 0.6163212078360327 0.6193034066431264 0.6193034066431264 0.6208703601160026 0.6495747873936968 0.6495747873936969 0.6520226185297955 0.6535205848403233 0.6874449085910952 0.6953023053501521 0.6991822380488684 0.6997755195635905 0.7289422253932112 0.7304732589457484 0.7465300727032386 0.7500001265026446 0.7638064083286848 0.781710891700288 0.7842135620608879 0.7875417130144604 0.7952943850875199 0.7954878518678367 0.7995330220146765 0.7996498249124562 0.8013458103924644 0.8047830923248053 0.8086763070077865 0.8181404864741987 0.8181404864741988 0.8247873936968484 0.8247873936968485 0.8263366514396651 0.8392526425758471 0.8599001573673912 0.8699962718301173 0.8965681923656097 0.9118967527076111ATLM
-1.37501512948 -1.2570171312799998 -1.10209370756 -0.7227159186229999 -0.615444415728 -0.48612463749300006 -0.43736313802 -0.413893813325 -0.374965138051 -0.352044498288 -0.346852810959 -0.234016077662 -0.16829308605 -0.07071762763780001 0.06313741338449999 0.0794180730014 0.09801810948619999 0.122665998475 0.159982918974 0.208926877858 0.21507215950599998 0.237987292806 0.24722701125500002 0.25181071934099997 0.253025843511 0.26179553315000004 0.263931613043 0.273712080231 0.281052566733 0.285304269167 0.289161771977 0.30072157209899997 0.307341226892 0.310373106213 0.310545995297 0.31744233281999995 0.325153868217 0.32633210405900004 0.327140525779 0.342329823211 0.344877474256 0.36807435085 0.369755347951 0.370509520643 0.384355733463 0.403453656914 0.416062403208 0.43123634558300006 0.43317288912199997 0.439555393526 0.46164025301399997 0.5332924604370001 0.5352572034399999 0.551665812396 0.551926071008 0.590067027848 0.6085720456139999 0.64440464833 0.7087482534720001 0.7725732524600001

ABE0
0.4107981220657277 0.4107981220657277 0.4107981220657277 0.4107981220657277 0.4107981220657277 0.4107981220657277 0.4107981220657277 0.4107981220657277 0.4107981220657277 0.4107981220657277 0.5484363081617085 0.5484363081617085 0.5484363081617085 0.5484363081617085 0.5484363081617085 0.5484363081617085 0.5484363081617085 0.5484363081617085 0.5484363081617085 0.5484363081617085 0.5833333333333334 0.5833333333333334 0.5833333333333334 0.5833333333333334 0.5833333333333334 0.5833333333333334 0.5833333333333334 0.5833333333333334 0.5833333333333334 0.5833333333333334 0.6077283372365341 0.6077283372365341 0.6077283372365341 0.6077283372365341 0.6077283372365341 0.6077283372365341 0.6077283372365341 0.6077283372365341 0.6077283372365341 0.6077283372365341 0.6272373540856031 0.6272373540856031 0.6272373540856031 0.6272373540856031 0.6272373540856031 0.6272373540856031 0.6272373540856031 0.6272373540856031 0.6272373540856031 0.6272373540856031 0.7082748948106592 0.7082748948106592 0.7082748948106592 0.7082748948106592 0.7082748948106592 0.7082748948106592 0.7082748948106592 0.7082748948106592 0.7082748948106592

RANDOM40
0.2031446841198028 0.3137845481222542 0.3186336030841984 0.33515283842794763 0.3602636534839924 0.3719159511274657 0.3842794759825329 0.4081514856801897 0.43219299824088975 0.4344978165938864 0.4397750841978639 0.4513296537882587 0.4620451882369049 0.4674747625128614 0.4789168344813268 0.4792576419213974 0.4817462554651962 0.4823889739663092 0.4829075159966865 0.4835213234299856 0.4956331877729258 0.4984934086629002 0.5008540070749338 0.5024182554643115 0.5073446327683615 0.514114627887083 0.518376722817764 0.5206738131699846 0.5215311004784688 0.5278552961383626 0.5306278713629402 0.5306907509616992 0.5352220520673812 0.546161565479177 0.5561510974987238 0.5630707476166583 0.5668316617934193 0.5672591791440359 0.5703755656629763 0.5715111112155623 0.5819586481089658 0.5831194753350442 0.5905295926277733 0.5977401129943504 0.6132174828857293 0.6150442477876107 0.6214689265536724 0.6255807650356529 0.6269698334083748 0.6355103655679111 0.680324178298064 0.6919969218930361 0.7236993144562179 0.7256638763178054 0.7438513397324924 0.7721711484347185 0.7726380570048998 0.8065730055193177 0.8160015655896898 0.8179688169292609

RANDOM160
-6.297545347162676 0.10008763447060563 0.24175523820203315 0.2706748485172457 0.3235294117647057 0.3272300469483568 0.4181442658799143 0.43378995433789946 0.4337899543378997 0.4521126760563379 0.4533890910353032 0.465918550794808 0.46958067395928 0.4869546909006162 0.4916413334046995 0.5193916349809886 0.5262357414448671 0.5274890566383132 0.5309471709909347 0.5346007604562739 0.5348731884057971 0.5354352105361474 0.5448356807511737 0.5482889733840304 0.551177536231884 0.5555555555555556 0.5658772515010009 0.5669201520912547 0.567742668788361 0.5708839647367168 0.5817925604033207 0.5848142123177222 0.5927366607952549 0.6009155589504019 0.6064311594202899 0.6492509363295882 0.6588802309319851 0.6905207115738478 0.7005478993172688 0.7015209125475286 0.7020926187123833 0.7031647675648652 0.7088014981273408 0.7215980024968789 0.7255094492109009 0.7271286231884058 0.7317054024563843 0.7342723004694836 0.7455399061032864 0.7483765510569742 0.7488116087065299 0.7821380211239203 0.7924708113912244 0.7946317103620475 0.7953750174995013 0.7990993244933701 0.8450913233405305 0.8570747975226299 0.8759643916913947 0.891365935110098

DE2
0.3188279769705989 0.3294247787610619 0.3490365452595805 0.3697951090548579 0.4029850746268656 0.4226625625240479 0.4305037313432837 0.4372103142450149 0.4576999339061466 0.4576999339061466 0.4611388995767602 0.4705228031145717 0.4771976206212822 0.4878731343283583 0.4894249834765366 0.5072703238598809 0.5376497668215594 0.5648107872988255 0.5821965470845066 0.5960820895522391 0.6063432835820897 0.609070796460177 0.6147388059701493 0.647244398231152 0.6518051326663767 0.6520226185297957 0.6817458513298478 0.6894577863239197 0.6925030509847554 0.6950848194867334 0.7038426557526148 0.7087053750798146 0.7149950347567031 0.7194104560622914 0.7385819921705091 0.7465300727032386 0.7635001194895298 0.7674640948406791 0.7687428985130129 0.7725619458967947 0.7785501489572991 0.7826535758036611 0.7843987311557453 0.7889321468298109 0.7899702085402185 0.7906901991506898 0.7922420637854554 0.7996498249124563 0.8017023702675781 0.8090862934915257 0.8176443838108229 0.8181404864741988 0.8204307264893456 0.826256289200697 0.8392526425758471 0.8412278554248365 0.8584965527662217 0.8599001573673912 0.8803510715753318 0.9092846452791271

DE8
0.14948472532237156 0.26011309264897803 0.3488378551261028 0.4043843283582091 0.4375413086582948 0.44180454020777216 0.4421271215081192 0.4441045606229143 0.4771976206212822 0.5072703238598809 0.5072703238598809 0.5072703238598809 0.5142095316824951 0.5263273848865389 0.5319525334506696 0.5448330523438474 0.5497246501105699 0.5648107872988256 0.5701491563041386 0.6063432835820897 0.6063432835820897 0.6115333773959022 0.6147388059701493 0.6163212078360327 0.6193034066431264 0.6193034066431264 0.6208703601160026 0.6495747873936968 0.6495747873936969 0.6520226185297955 0.6535205848403233 0.6874449085910952 0.6953023053501521 0.6991822380488684 0.6997755195635905 0.7289422253932112 0.7304732589457484 0.7465300727032386 0.7500001265026446 0.7638064083286848 0.781710891700288 0.7842135620608879 0.7875417130144604 0.7952943850875199 0.7954878518678367 0.7995330220146765 0.7996498249124562 0.8013458103924644 0.8047830923248053 0.8086763070077865 0.8181404864741987 0.8181404864741988 0.8247873936968484 0.8247873936968485 0.8263366514396651 0.8392526425758471 0.8599001573673912 0.8699962718301173 0.8965681923656097 0.9118967527076111