abe0
-2.93277473807 0.689870813511 0.761792220246 0.624070377562 -0.0206718785599 -0.0206718785599 0.795457559569 0.200703231533 -0.123708220124 0.946441505623 0.272114557369 0.946441505623 0.624070377562 0.992348786518 0.272114557369 -2.93277473807 0.689870813511 0.761792220246 0.624070377562 -0.0206718785599 -0.0206718785599 0.795457559569 0.200703231533 -0.123708220124 0.946441505623 0.272114557369 0.946441505623 0.624070377562 0.992348786518 0.272114557369 -2.93277473807 0.689870813511 0.761792220246 0.624070377562 -0.0206718785599 -0.0206718785599 0.795457559569 0.200703231533 -0.123708220124 0.946441505623 0.272114557369 0.946441505623 0.624070377562 0.992348786518 0.272114557369 -2.93277473807 0.689870813511 0.761792220246 0.624070377562 -0.0206718785599 -0.0206718785599 0.795457559569 0.200703231533 -0.123708220124 0.946441505623 0.272114557369 0.946441505623 0.624070377562 0.992348786518 0.272114557369 -2.93277473807 0.689870813511 0.761792220246 0.624070377562 -0.0206718785599 -0.0206718785599 0.795457559569 0.200703231533 -0.123708220124 0.946441505623 0.272114557369 0.946441505623 0.624070377562 0.992348786518 0.272114557369 -2.93277473807 0.689870813511 0.761792220246 0.624070377562 -0.0206718785599 -0.0206718785599 0.795457559569 0.200703231533 -0.123708220124 0.946441505623 0.272114557369 0.946441505623 0.624070377562 0.992348786518 0.272114557369 -2.93277473807 0.689870813511 0.761792220246 0.624070377562 -0.0206718785599 -0.0206718785599 0.795457559569 0.200703231533 -0.123708220124 0.946441505623 0.272114557369 0.946441505623 0.624070377562 0.992348786518 0.272114557369 -2.93277473807 0.689870813511 0.761792220246 0.624070377562 -0.0206718785599 -0.0206718785599 0.795457559569 0.200703231533 -0.123708220124 0.946441505623 0.272114557369 0.946441505623 0.624070377562 0.992348786518 0.272114557369 -2.93277473807 0.689870813511 0.761792220246 0.624070377562 -0.0206718785599 -0.0206718785599 0.795457559569 0.200703231533 -0.123708220124 0.946441505623 0.272114557369 0.946441505623 0.624070377562 0.992348786518 0.272114557369 -2.93277473807 0.689870813511 0.761792220246 0.624070377562 -0.0206718785599 -0.0206718785599 0.795457559569 0.200703231533 -0.123708220124 0.946441505623 0.272114557369 0.946441505623 0.624070377562 0.992348786518 0.272114557369 

de2
0.447016196769 0.167759376137 0.447016196769 1.0 0.167759376137 1.0 -0.108732525479 0.167759376137 0.723508098384 -3.14737852423 1.0 0.444251277753 -0.108732525479 0.167759376137 0.167759376137 0.447016196769 0.167759376137 0.447016196769 1.0 0.167759376137 1.0 -0.108732525479 0.167759376137 0.723508098384 -3.14737852423 1.0 0.444251277753 -0.108732525479 0.167759376137 0.167759376137 0.447016196769 0.167759376137 0.447016196769 1.0 0.167759376137 1.0 -0.108732525479 0.167759376137 0.723508098384 -3.14737852423 1.0 0.444251277753 -0.108732525479 0.167759376137 0.167759376137 0.447016196769 0.167759376137 0.447016196769 1.0 0.167759376137 1.0 -0.108732525479 0.167759376137 0.723508098384 -3.14737852423 1.0 0.444251277753 -0.108732525479 0.167759376137 0.167759376137 0.447016196769 0.167759376137 0.447016196769 1.0 0.167759376137 1.0 -0.108732525479 0.167759376137 0.723508098384 -3.14737852423 1.0 0.444251277753 -0.108732525479 0.167759376137 0.167759376137 0.447016196769 0.167759376137 0.447016196769 1.0 0.167759376137 1.0 -0.108732525479 0.167759376137 0.723508098384 -3.14737852423 1.0 0.444251277753 -0.108732525479 0.167759376137 0.167759376137 0.447016196769 0.167759376137 0.447016196769 1.0 0.167759376137 1.0 -0.108732525479 0.167759376137 0.723508098384 -3.14737852423 1.0 0.444251277753 -0.108732525479 0.167759376137 0.167759376137 0.447016196769 0.167759376137 0.447016196769 1.0 0.167759376137 1.0 -0.108732525479 0.167759376137 0.723508098384 -3.14737852423 1.0 0.444251277753 -0.108732525479 0.167759376137 0.167759376137 0.447016196769 0.167759376137 0.447016196769 1.0 0.167759376137 1.0 -0.108732525479 0.167759376137 0.723508098384 -3.14737852423 1.0 0.444251277753 -0.108732525479 0.167759376137 0.167759376137 0.447016196769 0.167759376137 0.447016196769 1.0 0.167759376137 1.0 -0.108732525479 0.167759376137 0.723508098384 -3.14737852423 1.0 0.444251277753 -0.108732525479 0.167759376137 0.167759376137 

de8
0.884474900737 0.955306965099 0.980421540721 1.0 0.989097511141 0.923970662419 0.999867005838 1.0 1.0 0.977649350689 -0.675054719273 1.0 1.0 0.990269965252 1.0 0.884474900737 0.955306965099 0.980421540721 1.0 0.989097511141 0.923970662419 0.999867005838 1.0 1.0 0.977649350689 -0.675054719273 1.0 1.0 0.990269965252 1.0 0.884474900737 0.955306965099 0.980421540721 1.0 0.989097511141 0.923970662419 0.999867005838 1.0 1.0 0.977649350689 -0.675054719273 1.0 1.0 0.990269965252 1.0 0.884474900737 0.955306965099 0.980421540721 1.0 0.989097511141 0.923970662419 0.999867005838 1.0 1.0 0.977649350689 -0.675054719273 1.0 1.0 0.990269965252 1.0 0.884474900737 0.955306965099 0.980421540721 1.0 0.989097511141 0.923970662419 0.999867005838 1.0 1.0 0.977649350689 -0.675054719273 1.0 1.0 0.990269965252 1.0 0.884474900737 0.955306965099 0.980421540721 1.0 0.989097511141 0.923970662419 0.999867005838 1.0 1.0 0.977649350689 -0.675054719273 1.0 1.0 0.990269965252 1.0 0.884474900737 0.955306965099 0.980421540721 1.0 0.989097511141 0.923970662419 0.999867005838 1.0 1.0 0.977649350689 -0.675054719273 1.0 1.0 0.990269965252 1.0 0.884474900737 0.955306965099 0.980421540721 1.0 0.989097511141 0.923970662419 0.999867005838 1.0 1.0 0.977649350689 -0.675054719273 1.0 1.0 0.990269965252 1.0 0.884474900737 0.955306965099 0.980421540721 1.0 0.989097511141 0.923970662419 0.999867005838 1.0 1.0 0.977649350689 -0.675054719273 1.0 1.0 0.990269965252 1.0 0.884474900737 0.955306965099 0.980421540721 1.0 0.989097511141 0.923970662419 0.999867005838 1.0 1.0 0.977649350689 -0.675054719273 1.0 1.0 0.990269965252 1.0 

random
0.749679715106 -0.510164748272 -0.666110179324 0.687056878341 0.292597234573 -0.479511598385 0.831587935737 -0.251346355386 -0.354893562355 -3.48364635653 0.340833263457 -0.218898726291 -0.448552058769 -0.134342889087 -0.509014621863 0.749679715106 -0.510164748272 -0.666110179324 0.687056878341 0.292597234573 -0.479511598385 0.831587935737 -0.251346355386 -0.354893562355 -3.48364635653 0.340833263457 -0.218898726291 -0.448552058769 -0.134342889087 -0.509014621863 0.749679715106 -0.510164748272 -0.666110179324 0.687056878341 0.292597234573 -0.479511598385 0.831587935737 -0.251346355386 -0.354893562355 -3.48364635653 0.340833263457 -0.218898726291 -0.448552058769 -0.134342889087 -0.509014621863 0.749679715106 -0.510164748272 -0.666110179324 0.687056878341 0.292597234573 -0.479511598385 0.831587935737 -0.251346355386 -0.354893562355 -3.48364635653 0.340833263457 -0.218898726291 -0.448552058769 -0.134342889087 -0.509014621863 0.749679715106 -0.510164748272 -0.666110179324 0.687056878341 0.292597234573 -0.479511598385 0.831587935737 -0.251346355386 -0.354893562355 -3.48364635653 0.340833263457 -0.218898726291 -0.448552058769 -0.134342889087 -0.509014621863 0.749679715106 -0.510164748272 -0.666110179324 0.687056878341 0.292597234573 -0.479511598385 0.831587935737 -0.251346355386 -0.354893562355 -3.48364635653 0.340833263457 -0.218898726291 -0.448552058769 -0.134342889087 -0.509014621863 0.749679715106 -0.510164748272 -0.666110179324 0.687056878341 0.292597234573 -0.479511598385 0.831587935737 -0.251346355386 -0.354893562355 -3.48364635653 0.340833263457 -0.218898726291 -0.448552058769 -0.134342889087 -0.509014621863 0.749679715106 -0.510164748272 -0.666110179324 0.687056878341 0.292597234573 -0.479511598385 0.831587935737 -0.251346355386 -0.354893562355 -3.48364635653 0.340833263457 -0.218898726291 -0.448552058769 -0.134342889087 -0.509014621863 0.749679715106 -0.510164748272 -0.666110179324 0.687056878341 0.292597234573 -0.479511598385 0.831587935737 -0.251346355386 -0.354893562355 -3.48364635653 0.340833263457 -0.218898726291 -0.448552058769 -0.134342889087 -0.509014621863 0.749679715106 -0.510164748272 -0.666110179324 0.687056878341 0.292597234573 -0.479511598385 0.831587935737 -0.251346355386 -0.354893562355 -3.48364635653 0.340833263457 -0.218898726291 -0.448552058769 -0.134342889087 -0.509014621863 