3;7;2.212040241164279;-1.1987895852579524;[1, 4, 0, 5, 2, 1];10
0;7;0.6026591215145753;0.3694736842105263;[1, 3, 2, 2, 1, 5];10
4;7;0.6112118873021999;0.38576357841496933;[0, 0, 0, 4, 0, 3];11
7;7;0.6547231270358306;0.22113130128956626;[0, 0, 0, 4, 0, 1];12
0;7;0.6004504054990389;0.38236448577492166;[0, 0, 1, 2, 3, 5];13
3;7;1.346689791064311;-0.41420114866711644;[1, 2, 2, 3, 2, 4];11
7;7;0.6547231270358306;0.22113130128956626;[0, 0, 1, 1, 0, 1];14
7;7;0.6547231270358306;0.22113130128956626;[0, 0, 2, 1, 0, 1];9
0;7;0.4788780176244076;0.535842105263158;[1, 2, 2, 4, 1, 4];14
1;7;0.36621210406528604;0.5191080829978321;[1, 3, 2, 0, 0, 4];15
7;7;3.6282359861183884;-6.02987118002131;[1, 3, 0, 0, 2, 5];11
5;7;0.33275547194053134;0.5636557420730082;[0, 0, 0, 1, 1, 4];12
3;7;0.48819444444444454;0.42647374062165044;[0, 3, 0, 0, 0, 4];14
0;7;0.3369517543859649;0.5268115942028985;[0, 1, 2, 0, 3, 1];12
7;7;0.8834355828220859;0.13437866354044548;[0, 4, 1, 1, 3, 0];12
1;7;0.35207386517929107;0.5611131292472096;[1, 0, 2, 0, 3, 5];15
0;7;0.3476048845453105;0.6192105263157894;[1, 5, 2, 4, 1, 2];8
7;7;0.8834355828220859;0.13437866354044548;[0, 4, 2, 0, 3, 0];15
0;7;0.26845767609052895;0.6049785080799976;[0, 4, 1, 0, 2, 5];12
3;7;0.7676251302393622;0.06768092669977555;[0, 2, 1, 2, 3, 2];15
5;7;0.3885802469135804;0.5559478700195201;[1, 6, 0, 1, 1, 5];11
1;7;0.5273629054837806;0.4062121124646384;[0, 3, 2, 2, 0, 4];14
0;7;0.2579012345679012;0.6859649122807018;[1, 4, 0, 1, 1, 2];12
2;7;0.5435906740451782;0.5023490924655789;[1, 2, 0, 0, 0, 1];16
5;7;0.5988023952095808;0.28263864967275243;[1, 0, 0, 3, 3, 0];10
7;7;0.6178590124975072;0.2776844698242078;[1, 0, 1, 1, 0, 1];11
1;7;0.4576950588168639;0.430946745074105;[0, 6, 1, 4, 0, 2];12
3;7;0.35533384497313897;0.5624866023579849;[0, 4, 2, 1, 0, 2];12
0;7;0.4404958916249304;0.4244960113057398;[1, 4, 0, 4, 2, 3];11
0;7;0.7083209536843835;0.32190290082761597;[1, 4, 0, 4, 2, 1];10
5;7;0.23074074074074075;0.6924905270409921;[1, 0, 0, 2, 1, 4];13
4;7;0.5796253821847436;0.41649299945783125;[0, 6, 1, 1, 2, 2];10
1;7;0.4302543487935605;0.5394151218864752;[1, 5, 2, 2, 0, 5];11
5;7;0.3250799152952394;0.5671057647075852;[0, 0, 2, 4, 3, 4];12
0;7;0.6008500896516393;0.3728947368421053;[0, 3, 2, 2, 0, 4];11
4;7;0.6550806935880968;0.31623595158700757;[1, 1, 0, 0, 1, 5];10
7;7;0.7487760097919217;0.14636576787807742;[0, 5, 2, 4, 1, 1];14
4;7;0.5776405851563549;0.38212959693860116;[1, 5, 2, 2, 1, 3];10
7;7;0.6161743244038022;0.4696968405268058;[1, 4, 1, 0, 3, 2];12
0;7;0.6004504054990389;0.38236448577492166;[1, 1, 2, 2, 3, 5];9
3;7;0.6706154642113824;0.1501433726360225;[0, 6, 0, 0, 2, 4];17
7;7;0.6547231270358306;0.17573270808909736;[0, 5, 0, 4, 1, 1];11
2;7;0.7507511812091098;0.4695394460330621;[1, 2, 0, 1, 2, 4];15
0;7;0.6391447368421053;0.2855072463768116;[0, 3, 1, 0, 3, 1];14
0;5;0.5918513316687474;0.29826319305277216;[1, 4, 2, 2, 1, 2];14
0;5;0.5918513316687474;0.29826319305277216;[1, 4, 0, 2, 1, 2];20
2;7;0.5470080743457836;0.35846829035292305;[0, 6, 0, 1, 2, 3];13
7;7;0.6580788542266853;0.41143273117373225;[1, 4, 2, 1, 1, 4];17
7;7;0.6216875216737949;0.24596971177332683;[0, 0, 0, 3, 1, 1];13
0;5;0.6368601747815231;0.34619238476953895;[1, 7, 1, 2, 0, 1];20
5;7;0.4519230769230769;0.40474381700008444;[1, 5, 0, 0, 1, 4];10
5;7;0.5534123563218389;0.2994217945471428;[1, 2, 0, 2, 1, 3];9
2;7;0.43222357860452915;0.6188620621827118;[1, 2, 0, 1, 2, 2];16
1;7;0.35538385931177063;0.5470114586559307;[1, 7, 0, 1, 1, 5];13
5;7;0.49219806763285023;0.4183337553811092;[1, 2, 2, 0, 1, 3];14
5;7;0.2648648648648649;0.6600068894247332;[1, 6, 1, 4, 0, 5];12
3;7;1.3877743694068612;-0.21287122677607062;[0, 6, 0, 0, 2, 4];10
3;7;0.35533384497313897;0.5624866023579849;[1, 4, 1, 2, 0, 2];11
3;7;0.5516041747197525;0.3817078364565587;[1, 3, 1, 1, 0, 2];9
3;7;1.6539497698147776;-0.037031635667432505;[0, 6, 1, 1, 2, 5];12
5;7;0.5050590769091744;0.5212044450561166;[1, 6, 0, 2, 3, 5];14
1;7;0.5282509329078193;0.3865639420243697;[1, 1, 1, 1, 3, 5];13
0;7;0.44127680498644273;0.5517870858557163;[1, 2, 2, 4, 3, 4];10
0;7;0.3364061046244013;0.6501800479956419;[1, 2, 1, 0, 3, 2];12
7;7;0.6101772616136919;0.42656270952663744;[1, 7, 0, 4, 0, 1];14
3;5;0.9567460317460318;0.30541596873255183;[0, 2, 1, 2, 1, 2];16
4;7;0.510501606127996;0.4422684874093139;[1, 5, 0, 1, 0, 4];12
3;7;0.10823347506764593;0.6432069846678024;[1, 7, 1, 2, 0, 2];12
4;7;0.6686275378298918;0.22260468242499065;[0, 6, 2, 0, 3, 2];10
3;7;0.17006369426751586;0.7037513397642015;[1, 7, 2, 4, 3, 0];10
1;7;0.5423406316908121;0.42920458111076243;[1, 2, 1, 4, 0, 3];15
0;7;0.3476048845453105;0.6192105263157894;[1, 5, 0, 4, 1, 2];10
0;7;0.19920609069417103;0.7263058970551699;[0, 6, 0, 2, 2, 2];15
7;7;0.5562093630595557;0.3350128820400362;[1, 2, 1, 0, 3, 2];7
3;7;0.35533384497313897;0.5624866023579849;[0, 2, 1, 4, 0, 2];13
7;7;0.6381780978224931;0.39845677852517136;[0, 7, 2, 4, 1, 2];12
3;7;0.48819444444444454;0.42647374062165044;[0, 2, 1, 2, 0, 4];11
5;7;0.2534246575342465;0.7042714433344817;[1, 7, 2, 4, 0, 0];11
1;5;0.46662590382564356;0.35047342175923113;[1, 2, 2, 2, 1, 2];16
0;7;0.26845767609052895;0.6049785080799976;[0, 4, 0, 0, 2, 5];14
4;7;0.4826849315068493;0.502158612782718;[0, 2, 1, 2, 0, 1];10
1;5;0.4776515773129505;0.436860274968203;[1, 1, 2, 1, 0, 4];12
0;5;0.5241375240669431;0.3091182364729459;[0, 4, 1, 2, 0, 1];18
0;7;0.35012968732718747;0.6727531608895612;[1, 5, 0, 4, 3, 2];11
5;7;0.3266439205955335;0.5889366272824919;[1, 0, 2, 4, 0, 3];11
0;7;0.3369517543859649;0.5268115942028985;[0, 1, 1, 0, 1, 1];13
2;7;0.43242210659269725;0.6182156950029446;[1, 7, 2, 1, 2, 2];14
5;7;0.34419099052141855;0.5736842105263158;[1, 3, 0, 1, 0, 3];11
0;7;0.3369517543859649;0.5268115942028985;[0, 0, 1, 1, 3, 1];10
0;6;0.24856020157177994;0.5367965367965368;[1, 0, 2, 4, 3, 1];13
5;5;0.45277690890765643;0.4495755201044874;[0, 0, 2, 1, 3, 1];13
2;7;0.6158451471788299;0.39833959294276944;[0, 7, 1, 4, 2, 3];13
2;7;0.6583398636825089;0.43499896959079853;[0, 7, 1, 1, 2, 2];14
0;7;0.33166666666666655;0.6546052631578947;[1, 1, 1, 1, 1, 3];10
1;7;0.5423406316908121;0.42920458111076243;[1, 2, 1, 1, 0, 3];12
7;5;1.1729264615732147;0.19196249833177625;[1, 0, 2, 0, 0, 1];14
1;7;0.6289872078655181;0.3195378029971877;[0, 7, 1, 1, 0, 0];15
5;7;0.35537518037518034;0.5568206229860365;[1, 6, 2, 0, 0, 3];11
5;7;0.4181963906581741;0.4477589263104583;[1, 7, 0, 2, 1, 4];11
0;7;1.3324180155050216;-0.3874776674893239;[0, 2, 2, 2, 2, 4];11
3;5;1.101600677245381;0.2635476987283467;[0, 2, 2, 1, 3, 3];14
3;6;0.299948704875256;0.40227272969161953;[1, 3, 2, 0, 3, 5];13
1;7;0.5102414188363147;0.41265296517100725;[1, 6, 1, 4, 0, 3];12
1;7;0.5139141415951427;0.39148624620855565;[1, 1, 2, 0, 1, 5];11
3;7;0.8198746392064146;0.06174061337438652;[0, 7, 0, 4, 3, 4];15
0;7;0.3694078947368421;0.5565217391304348;[0, 7, 2, 0, 3, 1];10
3;6;0.31178879405191956;0.3909836169180486;[0, 4, 0, 1, 2, 2];10
2;7;0.5625594779326429;0.5361753233735433;[0, 6, 2, 4, 2, 2];13
2;7;0.48750002514077373;0.6842747537579579;[0, 2, 0, 0, 2, 3];17
1;5;0.4776515773129505;0.436860274968203;[1, 0, 1, 1, 0, 4];13
1;7;0.4302543487935605;0.5394151218864752;[1, 5, 0, 2, 0, 5];13
7;7;0.9754237372629564;0.013167404462914312;[1, 4, 2, 4, 1, 1];11
3;7;0.383082975679539;0.5201393749289842;[1, 7, 2, 0, 2, 5];18
8;7;0.29683232168179396;0.6069621678532854;[1, 5, 0, 1, 3, 5];14
7;7;0.8037161214177543;0.18438883367964576;[0, 3, 1, 0, 0, 3];12
4;7;0.6550806935880968;0.31623595158700757;[1, 1, 1, 0, 1, 5];17
1;7;0.649189525568715;0.32263884530906806;[1, 6, 0, 0, 0, 4];10
3;7;0.383082975679539;0.5201393749289842;[1, 7, 0, 4, 2, 5];17
0;5;0.3842805068521611;0.6308895873194367;[1, 7, 1, 2, 2, 5];17
3;6;0.31178879405191956;0.3909836169180486;[0, 4, 0, 2, 2, 2];9
5;5;0.5457392087686971;0.5063937949795467;[1, 6, 1, 0, 3, 5];14
3;7;1.2334592105613202;-0.33247626913270034;[1, 4, 2, 2, 2, 1];11
7;5;1.1780184604389157;0.09398772187374882;[1, 4, 1, 2, 0, 1];16
5;7;0.33499170812603635;0.6310138936732117;[1, 6, 2, 2, 1, 5];17
7;5;0.8915194346289753;0.0064092189169067115;[0, 7, 0, 0, 0, 2];14
1;7;0.4176319022592314;0.555222758040968;[1, 7, 0, 4, 0, 5];16
5;7;0.25850340136054417;0.6603513606613849;[1, 7, 0, 1, 1, 2];15
4;7;0.5223755892097377;0.3694618377176734;[1, 4, 0, 4, 1, 4];15
3;5;0.664089679165056;0.2666905958363246;[0, 2, 1, 2, 0, 2];22
4;7;0.6519921015356172;0.3212773796867203;[0, 7, 0, 4, 3, 2];13
3;7;0.03649636789553434;0.8185764857460327;[0, 7, 0, 0, 2, 3];11
7;5;0.8995965174041795;0.006472707860669891;[1, 7, 1, 0, 0, 2];17
3;5;0.6488095238095238;0.3363643614899896;[0, 2, 2, 0, 1, 2];14
7;7;2.441259482155674;-1.6754624181680486;[0, 7, 2, 1, 2, 4];12
1;7;0.455063518817758;0.5297217183559704;[1, 5, 1, 4, 0, 3];16
1;7;0.5409576486974459;0.4206066789933708;[0, 3, 1, 1, 3, 2];11
3;7;0.3299188248936993;0.48589224872231684;[0, 5, 1, 1, 0, 3];10
3;7;0.3870933167261263;0.5072351114256597;[0, 4, 2, 2, 3, 5];11
3;7;0.3423850019327406;0.5400873083475298;[1, 2, 0, 2, 1, 4];14
3;5;0.08281771184756062;0.9317859240535004;[0, 6, 1, 0, 2, 4];21
0;6;0.1416970359183015;0.6650623206777788;[0, 2, 2, 0, 2, 2];11
7;5;0.9712669296145309;0.13492593086881088;[1, 7, 0, 0, 0, 2];13
1;7;0.27606177606177607;0.609739795149872;[1, 7, 0, 1, 1, 5];9
2;7;0.12399840307721315;0.9063062100371091;[1, 2, 0, 4, 2, 3];13
7;7;0.7275118422580388;0.22711472699259705;[0, 2, 0, 4, 3, 1];13
0;5;0.6789577415606152;0.36518542517215624;[0, 3, 2, 0, 2, 1];13
0;7;0.5157382940155228;0.4582894736842106;[0, 6, 0, 2, 0, 3];17
3;7;0.3697916666666667;0.4603429796355841;[1, 1, 2, 4, 1, 4];11
7;7;0.5889605713671282;0.34200251945956184;[0, 7, 1, 1, 2, 2];13
1;5;0.4603780311280803;0.45969946599873146;[1, 3, 0, 4, 3, 5];19
3;5;1.1421772710115514;0.2080811736314191;[1, 5, 2, 3, 2, 1];17
3;5;0.6488095238095238;0.3363643614899896;[0, 2, 2, 1, 1, 2];15
2;7;0.4449320072676914;0.6631263409860433;[1, 7, 1, 2, 2, 4];12
3;5;1.101600677245381;0.2635476987283467;[1, 2, 2, 1, 3, 3];20
7;7;0.6101772616136919;0.42656270952663744;[1, 7, 2, 0, 3, 1];14
7;7;0.9257824211813004;-0.41204083626416543;[0, 7, 0, 0, 2, 1];15
2;7;0.1108697307660428;0.9282260020009223;[1, 2, 0, 1, 2, 2];10
4;7;0.7235424015489307;0.2798398470174497;[1, 1, 2, 0, 3, 4];12
0;5;0.6594178049318963;0.24404797312959603;[0, 7, 1, 1, 3, 3];17
5;7;0.5116835748792271;0.41180045581159785;[1, 7, 1, 0, 1, 4];12
2;5;0.3550806149231346;0.6203931203931204;[0, 6, 1, 4, 3, 0];14
5;7;0.5747222222222222;0.386877127824203;[1, 7, 0, 1, 1, 2];12
3;7;0.48819444444444454;0.42647374062165044;[0, 1, 0, 0, 0, 4];8
2;7;0.5664080613518816;0.3202273337206023;[0, 7, 1, 0, 1, 5];17
1;7;0.3869209809264305;0.49920921825576137;[1, 2, 1, 2, 0, 0];9
3;7;0.383082975679539;0.5201393749289842;[0, 7, 0, 1, 2, 5];17
8;7;0.22284482758620688;0.3954283547481652;[0, 7, 1, 0, 1, 3];13
4;7;0.5721649484536082;0.31922029998974977;[1, 6, 1, 2, 0, 4];19
4;7;0.6693242103535816;0.5992277421183874;[1, 2, 1, 4, 2, 4];13
4;7;0.5832029000025043;0.5258786267652819;[1, 7, 2, 4, 2, 1];12
2;7;0.5446619417257285;0.5351045200831783;[0, 6, 2, 1, 3, 0];14
4;7;0.5791088039867109;0.2982956650611337;[1, 4, 1, 4, 0, 4];11
8;7;0.5259212064064711;0.18204901229209525;[0, 7, 0, 0, 3, 4];11
8;7;0.2897930049964311;0.33807684931745674;[0, 7, 0, 0, 0, 2];12
0;7;0.7083209536843835;0.32190290082761597;[1, 4, 2, 1, 2, 1];12
0;5;0.5853132802746568;0.2497494989979958;[1, 7, 1, 2, 0, 1];18
4;7;0.5369752742565105;0.504246364985146;[0, 2, 0, 2, 3, 2];11
5;5;0.4987341772151899;0.589629730837546;[1, 7, 0, 4, 1, 3];16
3;6;0.31178879405191956;0.3909836169180486;[1, 4, 1, 0, 2, 2];13
2;7;0.3494114546440874;0.7768435334463916;[1, 7, 0, 2, 2, 4];13
0;6;0.40936964655058916;-2.4805723956426613;[1, 6, 1, 4, 2, 2];13
1;5;0.4988421331216091;0.4511537762703651;[1, 2, 1, 1, 0, 3];17
4;7;0.780066894020777;0.12065866715351026;[0, 2, 2, 2, 2, 5];13
0;7;0.5698766852190531;0.03574233535312121;[0, 7, 1, 4, 2, 2];15
8;7;0.2999916439244107;0.5964495646169135;[1, 7, 0, 0, 1, 5];14
4;7;0.594093419397699;0.3742143328534283;[1, 5, 0, 1, 3, 3];9
7;5;0.9403674646725901;0.1667389563592685;[1, 7, 1, 0, 0, 1];21
8;7;0.29631019307174256;0.35314775997042624;[0, 7, 0, 2, 3, 3];15
1;7;0.52167091863627;0.3902887487982265;[1, 1, 2, 0, 3, 5];11
3;5;0.5827526132404182;0.28518234651571206;[0, 5, 0, 1, 3, 1];12
0;6;0.5543127962085308;0.365921115921116;[0, 2, 0, 4, 1, 5];10
5;7;0.3935988248735107;0.561546723952739;[1, 1, 2, 4, 0, 2];11
1;6;0.451146288209607;0.5548246711019958;[1, 3, 0, 1, 1, 5];11
0;5;0.6030121310702736;0.4578146764534107;[0, 3, 2, 4, 2, 1];17
0;5;0.5014975588436843;0.5122196767688207;[0, 5, 0, 2, 2, 4];23
1;7;0.2671009771986971;0.5804338002711251;[1, 7, 1, 2, 0, 4];11
3;6;0.1924947862164501;0.4459895494687037;[1, 2, 1, 2, 3, 5];15
5;7;0.5346869712351946;0.3958671586715865;[0, 7, 0, 0, 0, 2];11
7;7;0.7603280275719662;0.12903152949679275;[0, 6, 1, 2, 1, 1];13
2;7;0.07330600246401257;0.8822043269353825;[1, 7, 2, 1, 2, 4];10
3;5;0.5827526132404182;0.28518234651571206;[1, 5, 0, 4, 3, 1];13
4;7;0.5223755892097377;0.3750527973323454;[1, 4, 1, 1, 1, 4];11
5;7;0.6016260162601627;0.3828782287822877;[0, 3, 0, 1, 0, 0];19
7;7;0.7091175301492603;0.2999593459210408;[0, 7, 1, 0, 0, 3];15
2;5;0.4502438832985434;0.44694306756228197;[0, 3, 0, 0, 2, 2];20
2;5;1.036634732808001;-2.358984323540199;[1, 7, 0, 4, 2, 4];13
0;5;0.495;0.4701421800947867;[0, 7, 2, 0, 0, 0];16
3;7;0.35533384497313897;0.5624866023579849;[1, 4, 0, 1, 0, 2];12
8;7;0.416359521856714;0.2507579378785243;[0, 7, 0, 0, 3, 3];15
1;7;0.37821411874707805;0.589160641662901;[0, 5, 1, 4, 0, 1];13
1;7;0.5269978208205157;0.3647220135016659;[1, 1, 0, 2, 3, 5];15
1;7;0.5414438502673797;0.498729100768188;[1, 6, 1, 0, 0, 1];15
3;5;0.07776758472713514;0.9348319615577139;[1, 2, 0, 2, 2, 3];22
1;7;0.5423406316908121;0.42920458111076243;[1, 2, 1, 4, 0, 3];11
3;7;1.2334592105613202;-0.33247626913270034;[1, 4, 2, 1, 2, 1];12
5;5;0.37011884550084884;0.5489137860363438;[1, 6, 2, 1, 0, 1];13
2;7;0.11419524616543963;0.859475445485536;[0, 6, 2, 0, 2, 2];10
5;7;0.5838709301908929;0.10949520506124788;[0, 7, 1, 1, 2, 4];9
4;7;0.5791088039867109;0.2982956650611337;[1, 4, 0, 0, 0, 4];14
2;7;0.3832045326323801;0.6653452780885721;[1, 6, 2, 0, 2, 5];9
0;7;0.2999598205609618;0.5868722373337976;[0, 7, 0, 2, 2, 5];18
7;7;0.7497246936543481;0.2754539705483783;[0, 7, 2, 2, 0, 2];15
1;7;0.5444795783926218;0.40500470662064636;[1, 2, 1, 4, 0, 4];12
8;7;0.26605721780261127;0.6325055159752749;[1, 7, 2, 2, 1, 2];11
5;6;0.5735168705969597;0.34472831953940275;[1, 7, 2, 2, 0, 2];11
7;7;0.8288436141951137;0.17558044990514043;[1, 7, 0, 4, 3, 0];12
3;6;0.1924947862164501;0.4459895494687037;[0, 2, 1, 2, 3, 5];12
0;5;0.37129111374679835;0.5208669884062583;[0, 3, 2, 1, 2, 2];16
3;7;0.3423850019327406;0.5400873083475298;[0, 6, 1, 4, 1, 4];16
7;6;0.7912838633686691;-0.0032800169789115596;[1, 2, 1, 2, 0, 2];12
2;7;0.35962124914402477;0.7132532823145985;[1, 7, 0, 2, 2, 1];14
5;7;0.6752884615384614;0.3113024394361442;[1, 7, 1, 0, 1, 2];16
5;6;0.5222039953706034;0.33819719323497677;[1, 7, 1, 0, 1, 4];11
3;5;0.664089679165056;0.2666905958363246;[1, 2, 0, 2, 0, 2];22
3;7;0.3870933167261263;0.5072351114256597;[1, 4, 1, 2, 3, 5];12
7;6;0.879496254835789;-0.12232533909587295;[1, 2, 0, 0, 1, 0];10
3;6;0.5159722222222223;0.2863743609909555;[1, 6, 1, 1, 1, 5];12
0;6;0.43415685204782184;0.5460528496413284;[1, 0, 1, 1, 2, 2];11
5;7;0.39531671635222504;0.409408616029305;[1, 7, 2, 0, 3, 5];18
2;7;0.32543951044278785;0.7306172725944691;[1, 7, 0, 4, 2, 4];14
8;7;0.5680268279580369;0.20168006349409928;[0, 7, 0, 1, 3, 4];17
7;5;0.6615375299213496;0.31234151875083405;[1, 7, 1, 2, 0, 5];19
0;5;0.5853132802746568;0.2497494989979958;[1, 7, 1, 2, 1, 1];21
7;6;0.879496254835789;-0.12232533909587295;[1, 2, 0, 1, 3, 0];11
4;7;0.4298920882290861;0.5769963006406208;[0, 5, 2, 1, 0, 1];15
4;7;0.4977956204379562;0.5120972414363922;[1, 0, 1, 0, 1, 4];13
2;7;0.42884502927578794;0.5475240519871281;[1, 6, 1, 0, 2, 3];10
2;7;0.30764822827103144;0.7007652255782937;[0, 2, 0, 1, 3, 4];13
7;5;0.8685512367491166;-0.02434208396724169;[0, 7, 2, 0, 0, 1];21
5;7;0.4591663496310261;0.4303175302690654;[1, 7, 2, 0, 3, 2];17
2;7;0.162167678172392;0.7580212356015199;[1, 5, 1, 4, 2, 3];11
1;7;0.5140539141077988;0.4570823013037373;[1, 3, 1, 2, 3, 4];9
8;7;0.25648445515763413;0.6919746356177268;[1, 7, 1, 0, 3, 5];13
4;7;0.32711562731997035;0.5192957268123995;[1, 5, 2, 1, 1, 5];11
5;5;0.486720867208672;0.42603825136612006;[1, 2, 2, 4, 1, 4];16
8;7;0.2787931445009168;0.6056003607159988;[1, 5, 1, 1, 3, 4];14
2;7;0.6275276198254235;-0.31695132288001204;[1, 7, 0, 2, 2, 2];17
7;6;0.7912838633686691;-0.0032800169789115596;[1, 2, 1, 2, 0, 2];14
1;5;0.5082996957996958;0.4407364787111623;[1, 2, 1, 2, 0, 3];17
7;6;0.879496254835789;-0.12232533909587295;[1, 2, 0, 1, 0, 0];10
7;7;0.9368041026855617;0.016193874785436768;[1, 7, 1, 2, 0, 1];12
4;7;0.4977956204379562;0.5120972414363922;[1, 0, 1, 0, 1, 4];15
0;5;0.5793839929715334;0.38406888534168504;[1, 2, 2, 2, 2, 2];20
2;5;0.3387930440939266;0.7154366624134323;[1, 7, 2, 4, 2, 3];14
0;5;0.7438357999530631;0.33297498733289554;[0, 2, 2, 2, 2, 3];21
0;7;0.576815034705805;0.40938986469416927;[0, 5, 1, 4, 2, 2];11
7;7;0.5330926701907083;0.38560181879673816;[0, 7, 0, 2, 0, 1];18
2;5;0.44892646127923674;0.6885419104360995;[0, 7, 0, 4, 2, 5];18
0;6;0.4776315789473684;0.5386119257086999;[1, 0, 2, 0, 3, 1];9
3;5;0.5827526132404182;0.28518234651571206;[0, 5, 1, 4, 1, 1];14
7;5;0.9712669296145309;0.13492593086881088;[1, 7, 2, 1, 0, 2];23
4;7;0.5079399141630901;0.3992763647972757;[1, 6, 2, 2, 3, 1];13
2;5;0.4379118988954703;0.6341467143010688;[0, 6, 1, 4, 2, 2];12
0;7;0.2392975109480659;0.6266306578101613;[0, 7, 1, 4, 2, 5];17
7;5;1.9659105565273443;-0.6059709090540202;[1, 5, 0, 2, 2, 3];12
3;5;0.5827526132404182;0.28518234651571206;[0, 5, 1, 1, 1, 1];11
1;7;0.2998712998712998;0.5735050459406537;[0, 7, 0, 0, 1, 2];14
2;7;0.12509877513129924;-2.150988960994534;[0, 7, 0, 0, 2, 3];17
5;7;0.41777760582799384;0.51204879120092;[1, 1, 1, 1, 2, 1];12
4;7;0.5008586873271687;0.5120093903524383;[1, 0, 1, 4, 3, 4];16
1;6;0.23983050301914485;0.6277324796158271;[1, 7, 1, 0, 0, 5];11
8;7;0.1877772301626417;0.7747641990935445;[1, 5, 2, 0, 1, 4];12
3;6;0.31178879405191956;0.3909836169180486;[0, 4, 0, 4, 2, 2];11
0;6;0.43415685204782184;0.5460528496413284;[1, 1, 1, 0, 2, 2];9
3;5;0.7705295471987719;0.2576956904133686;[1, 4, 2, 4, 0, 2];14
5;5;0.34202898550724625;0.5898119050872159;[1, 7, 1, 1, 1, 5];15
3;7;0.3423850019327406;0.5400873083475298;[0, 7, 2, 1, 1, 4];17
7;7;1.123344560408311;-0.00042912638901437816;[1, 7, 2, 4, 3, 1];16
1;7;0.37821411874707805;0.589160641662901;[0, 5, 1, 4, 3, 1];13
5;7;0.3266439205955335;0.5889366272824919;[1, 0, 2, 4, 0, 3];11
4;7;0.4549703661698177;0.6109880165454422;[0, 7, 1, 2, 2, 4];13
7;7;0.7653290750187753;0.20226424708870894;[1, 6, 2, 4, 2, 1];12
5;7;0.3935988248735107;0.5690655209452202;[1, 0, 1, 1, 0, 2];13
0;6;0.43415685204782184;0.5460528496413284;[1, 0, 2, 0, 2, 2];10
1;5;0.4564745822218182;0.4726545939070922;[1, 3, 1, 4, 0, 5];20
3;6;0.29996134518747597;0.42052430371146554;[1, 1, 2, 2, 0, 2];11
4;6;0.48560634042352746;0.49301488704191954;[1, 5, 0, 2, 2, 3];10
3;6;0.29996134518747597;0.42052430371146554;[1, 0, 2, 2, 0, 2];12
1;5;0.487774680666811;0.46950517836593786;[1, 7, 2, 4, 0, 4];15
2;5;0.9250547864778409;0.08420573611968785;[0, 6, 0, 4, 2, 2];20
6;7;0.0661116634441151;0.8908496145604609;[1, 7, 2, 2, 2, 5];10
5;7;0.5333167397037786;0.5112781954887218;[1, 3, 0, 0, 0, 2];13
4;7;0.43928501564945227;0.5392087309188511;[1, 5, 1, 1, 1, 5];15
4;7;0.5261084996204719;0.45128543840863355;[0, 7, 0, 0, 3, 5];16
0;5;0.5960605364316902;-0.057608088336152496;[1, 6, 1, 0, 2, 1];17
2;7;0.26569482207262246;0.774593715945892;[0, 5, 0, 1, 2, 4];14
2;7;0.7390826869285197;0.31607712144265887;[0, 6, 1, 2, 2, 1];22
2;7;1.832715496124193;-0.05115306414359311;[1, 6, 0, 4, 2, 4];13
8;7;0.2965542521994135;0.6610251384862467;[1, 6, 1, 4, 1, 2];10
7;6;0.8652206693601738;0.060277840717502085;[1, 2, 2, 4, 2, 2];15
3;6;0.1924947862164501;0.4459895494687037;[0, 2, 1, 2, 3, 5];15
2;7;0.38401260029139067;0.7179555500345679;[0, 2, 0, 2, 3, 2];12
1;7;0.24064171122994651;0.6438657930411207;[1, 7, 2, 0, 0, 3];12
1;5;0.5082996957996958;0.4407364787111623;[1, 2, 1, 2, 0, 3];22
1;5;0.375;0.551143356869858;[1, 5, 0, 2, 0, 4];20
7;6;0.879496254835789;-0.12232533909587295;[1, 2, 0, 1, 2, 0];15
3;5;3.4404777070063695;-0.7049263432326902;[1, 6, 2, 0, 3, 1];13
8;7;0.2198218909622492;0.7434141802736873;[0, 6, 1, 2, 2, 5];14
8;7;0.18088899132940653;0.8012782041973543;[0, 7, 0, 1, 3, 4];11
0;5;0.3866503896231862;0.645477768776883;[0, 3, 2, 2, 2, 3];17
0;7;0.35012968732718747;0.6727531608895612;[1, 5, 1, 0, 3, 2];15
2;7;0.22299114301797038;0.8359727866511101;[1, 2, 0, 4, 2, 3];12
3;5;0.7705295471987719;0.2576956904133686;[0, 4, 0, 2, 0, 2];14
0;5;0.4576582278481013;0.4331753554502369;[0, 2, 1, 0, 1, 0];13
8;7;0.1378212101556161;0.8043973747592427;[0, 7, 1, 4, 2, 5];13
3;6;0.29996134518747597;0.42052430371146554;[0, 0, 0, 2, 0, 2];12
4;7;0.4113597246127367;0.6040225603916143;[1, 5, 0, 4, 1, 5];10
5;5;0.5596032897469022;0.37009772011952724;[1, 7, 2, 2, 3, 5];13
8;7;0.18859655212018483;0.7350371210764117;[0, 7, 1, 2, 0, 0];15
1;5;0.564310847120499;0.30219682473711496;[1, 6, 0, 0, 3, 4];19
3;6;0.28955353272648465;0.4323902756446142;[1, 2, 0, 2, 0, 4];13
5;6;0.5505463892359166;0.44874055415617153;[1, 7, 0, 1, 1, 4];9
5;5;0.8654854182410816;0.14078315014832243;[1, 6, 2, 0, 2, 5];17
6;7;0.13589253665237627;0.8440427066432692;[1, 7, 2, 0, 2, 4];18
1;5;0.42359002378972205;0.5026951729150263;[1, 7, 1, 2, 0, 4];19
7;6;0.7912838633686691;-0.0032800169789115596;[1, 2, 1, 2, 0, 2];15
7;5;3.0708292141060443;-0.7012572438830074;[1, 3, 2, 2, 2, 2];17
5;6;0.5008317758342726;0.4753058654192157;[0, 2, 0, 0, 1, 1];11
8;7;0.26038799800490636;0.705299940314601;[1, 2, 0, 4, 2, 1];14
1;6;0.42892783414159263;0.5498678613098849;[0, 3, 1, 4, 3, 5];14
5;6;1.4807565617750709;-0.11913888368503422;[0, 7, 2, 5, 2, 3];11
3;6;1.4741379310344827;-0.22982176496159967;[0, 3, 0, 4, 0, 0];8
6;7;0.1565799200078658;0.47505976876520195;[0, 7, 2, 0, 2, 3];16
2;6;0.3583720470124693;0.4291691964670097;[0, 6, 0, 4, 2, 3];11
3;5;0.8799999999999999;0.17667062962806512;[1, 2, 1, 0, 3, 1];18
0;5;0.5793839929715334;0.38406888534168504;[1, 2, 2, 2, 2, 2];15
4;6;0.41872055771263483;0.5643374563483012;[1, 5, 2, 4, 2, 3];12
0;5;0.4463935191571202;0.3405503570446955;[1, 6, 2, 2, 3, 2];19
2;5;0.2889226005038451;0.805272487152678;[1, 7, 2, 0, 2, 3];18
3;5;0.7995141378656383;0.2055811371084061;[0, 7, 2, 4, 3, 1];17
5;5;0.11589895988112923;0.695996720863506;[1, 7, 0, 4, 0, 2];21
2;6;0.4074198041822225;0.5839137031268933;[1, 7, 0, 2, 2, 2];11
0;5;0.5526039047883233;0.4095558701237414;[0, 3, 0, 2, 2, 1];12
8;7;0.45174392935982344;0.5019275219175434;[1, 6, 0, 1, 1, 4];19
0;6;0.6768572984749455;0.37782587782587773;[0, 5, 0, 2, 1, 5];13
3;6;0.6465156794425088;0.20018837849587012;[1, 3, 2, 4, 3, 1];9
3;5;0.4351972258344169;0.6181681115718056;[1, 3, 2, 0, 0, 2];17
3;5;0.8918550360784243;0.08216607021080147;[0, 6, 0, 4, 0, 3];16
5;5;0.3568181818181818;0.5754732786061318;[0, 7, 1, 1, 0, 1];14
2;5;0.4416550657520063;-0.4090994507877379;[1, 6, 0, 0, 2, 2];23
3;6;0.5159722222222223;0.2863743609909555;[1, 2, 1, 2, 1, 4];12
3;6;2.08217227276249;-0.32702591982203066;[1, 7, 2, 3, 2, 1];9
1;5;0.5463220005020706;0.4915910027753564;[1, 7, 0, 4, 3, 4];19
3;6;0.29996134518747597;0.42052430371146554;[0, 1, 1, 2, 0, 2];10
0;5;0.5650521860856781;0.4205845028520415;[1, 2, 2, 2, 2, 3];24
5;5;0.34202898550724625;0.617821195973949;[1, 7, 1, 1, 1, 5];20
2;5;0.27253377047956934;0.6884258186784621;[1, 6, 1, 1, 2, 2];21
1;5;0.5041743684534812;0.4052076152092061;[0, 6, 2, 0, 0, 4];20
8;7;0.25612903225806455;0.6792982313229948;[1, 7, 2, 1, 1, 4];15
1;5;0.4318181818181818;0.47962687050592734;[1, 3, 1, 1, 0, 4];19
0;5;0.5650521860856781;0.4205845028520415;[1, 2, 2, 2, 2, 3];23
6;7;0.1153546005714337;0.7967374593972574;[0, 7, 1, 1, 2, 4];16
8;7;0.3031883917325303;0.5636046913694017;[1, 3, 2, 4, 2, 1];11
0;5;0.4173668563687768;0.7513267675777756;[1, 6, 1, 0, 2, 3];15
7;5;0.9712669296145309;0.13492593086881088;[1, 7, 0, 0, 0, 2];22
1;5;0.5777517825311943;0.38492337063159565;[0, 0, 1, 2, 0, 5];15
2;6;0.25208038230032337;0.6906130815452302;[1, 6, 0, 0, 2, 3];11
3;5;0.5012150668286756;0.43793190099258705;[1, 1, 0, 2, 0, 4];13
4;6;0.283690114195831;0.6139973740352341;[1, 5, 2, 2, 2, 3];11
6;7;0.13131770672181062;0.7379929366215006;[0, 7, 1, 2, 2, 5];17
3;5;0.7705295471987719;0.2576956904133686;[0, 4, 2, 0, 0, 2];15
2;6;0.32541735360633656;0.4328273875021731;[0, 6, 1, 0, 2, 2];11
3;6;0.6216027874564459;0.30495580350673823;[0, 2, 1, 1, 1, 1];9
2;5;0.721366962109495;-152.6559649167148;[1, 6, 0, 2, 2, 4];18
6;7;0.1504434582198701;0.8262766795475598;[1, 5, 1, 4, 2, 5];22
4;5;0.41337195464050736;0.4290033689494085;[1, 5, 1, 2, 3, 2];17
3;6;0.41714614499424624;0.5489059556586002;[1, 6, 2, 0, 0, 3];8
5;6;0.4777886656867549;0.4466534724721123;[1, 7, 1, 0, 0, 2];11
7;6;0.7433198492961629;0.18128444763958784;[0, 2, 2, 4, 0, 2];14
0;6;0.6768572984749455;0.37782587782587773;[0, 5, 1, 2, 1, 5];10
3;6;0.28955353272648465;0.4323902756446142;[0, 6, 0, 2, 0, 4];11
7;5;1.5486904693724795;-0.16362242052426113;[1, 5, 2, 1, 3, 1];18
0;6;0.6768572984749455;0.37782587782587773;[0, 5, 1, 2, 1, 5];11
2;5;0.47813602017508267;0.39900172369540454;[0, 7, 0, 0, 2, 1];14
5;6;0.578039919197636;0.41894529867723684;[1, 7, 0, 1, 3, 4];11
3;5;0.5301741595787769;0.47405452946350046;[0, 0, 2, 2, 0, 2];17
8;7;0.24706147010854276;0.6805995377205756;[1, 7, 1, 2, 1, 2];13
3;5;0.13462945450704172;0.7284955045990644;[1, 7, 1, 0, 2, 3];22
3;6;0.29996134518747597;0.42052430371146554;[0, 6, 2, 2, 0, 2];13
1;6;0.2295112029874633;0.61267570406683;[1, 7, 1, 0, 0, 4];10
5;5;0.34038461538461545;0.5119785558720052;[0, 6, 1, 0, 0, 2];14
3;5;0.7705295471987719;0.2576956904133686;[0, 4, 0, 4, 0, 2];15
6;7;0.14217210015111273;0.8554229169911853;[1, 5, 0, 1, 2, 5];24
7;6;0.7433198492961629;0.20424954069813883;[0, 2, 2, 1, 0, 2];14
7;6;0.879496254835789;-0.12232533909587295;[1, 2, 0, 1, 0, 0];15
0;6;0.787209699453552;0.27771911298838436;[1, 3, 2, 2, 3, 1];12
8;7;0.20705259562841538;0.7354088232436767;[1, 7, 2, 0, 3, 4];13
0;5;0.6964094020305556;0.22748155330265885;[0, 6, 0, 1, 3, 5];20
1;6;0.4938978216422243;0.4463129522749245;[1, 7, 2, 2, 0, 4];9
8;5;0.5562454342303057;0.5092320899023021;[1, 7, 2, 3, 2, 4];14
5;5;0.4470699550229376;0.41955617247050436;[1, 6, 1, 2, 3, 4];19
7;5;1.5486904693724795;-0.08780674846625769;[1, 5, 2, 0, 3, 1];19
5;6;0.5353859827323515;0.4417506297229219;[0, 6, 0, 1, 1, 1];13
0;5;0.7155657344905175;0.19304229195088685;[1, 3, 2, 2, 0, 3];16
5;5;0.5439157243529696;0.394435934586312;[1, 7, 1, 0, 3, 2];23
7;6;0.8337703253513;0.2835290358654844;[0, 7, 2, 1, 0, 2];12
0;5;0.44288617886178877;0.4323177201758376;[1, 0, 2, 2, 1, 2];17
3;5;0.5827526132404182;0.28518234651571206;[0, 5, 2, 1, 1, 1];17
7;6;1.2068511198945981;0.11416032442642077;[1, 6, 1, 1, 0, 1];14
7;6;1.1470149060941899;-0.011822030513619186;[0, 3, 2, 1, 0, 2];11
8;7;0.24251968503937013;0.6778238247003838;[1, 7, 0, 4, 1, 4];16
7;5;1.498451589590635;-0.17734476668525745;[1, 5, 2, 4, 3, 1];18
8;5;0.2671072652297664;0.7027199779931035;[1, 7, 1, 2, 3, 2];16
1;6;0.28445263975155277;0.592416587464359;[1, 7, 0, 0, 0, 4];13
4;5;0.5624062971127409;0.45626456723575215;[1, 5, 0, 2, 2, 5];19
5;5;0.4554166666666667;0.5934895477524252;[1, 7, 0, 2, 1, 3];28
3;5;0.5301741595787769;0.47405452946350046;[1, 6, 1, 2, 0, 2];16
5;6;0.7652177781940801;0.20900803646395583;[1, 6, 2, 3, 1, 5];13
1;5;0.5048994326972667;0.514246934381728;[1, 2, 0, 2, 1, 5];18
2;6;0.10386444457342796;0.8626025747497702;[0, 7, 2, 2, 2, 3];14
2;6;0.32418140092593295;0.7314129798625255;[1, 7, 0, 2, 2, 1];14
8;7;0.46761511453228005;0.4222788734139358;[1, 6, 2, 0, 3, 4];16
0;6;0.7419883630335815;0.38810192329531734;[0, 1, 0, 2, 2, 1];11
4;5;0.4635706340378198;0.3857818949067342;[1, 7, 2, 1, 0, 1];21
7;6;0.7622533446542452;0.17946011368167603;[0, 2, 1, 0, 3, 2];10
0;5;0.5448040555019822;0.3566393815370624;[1, 6, 2, 2, 1, 3];23
8;7;0.18902668169860964;0.7439331455092346;[1, 7, 1, 4, 1, 2];22
1;6;0.6238412491453467;0.3133008524294627;[0, 7, 1, 2, 0, 4];11
0;6;0.5543127962085308;0.36592111592111587;[1, 6, 2, 1, 1, 5];12
1;5;0.5222816399286988;0.4393988469262162;[1, 3, 0, 4, 0, 4];15
8;7;0.2119469026548672;0.6681811239295787;[1, 7, 2, 2, 1, 4];16
3;6;0.41714614499424624;0.5489059556586002;[0, 2, 1, 2, 0, 4];10
7;5;2.311157874435144;-0.2118229844456836;[1, 7, 0, 2, 2, 3];15
7;5;1.043448851872765;0.1353536774012094;[1, 2, 0, 0, 0, 1];18
4;5;0.48287997518722364;0.41734264525123155;[0, 2, 0, 0, 2, 4];18
0;6;0.43415685204782184;0.5460528496413284;[1, 1, 0, 4, 2, 2];10
8;5;0.24314897857498757;0.701939080961693;[1, 7, 2, 0, 1, 2];15
3;6;0.6465156794425088;0.18946529488479957;[0, 3, 1, 4, 1, 1];9
0;6;0.6768572984749455;0.37782587782587773;[0, 5, 1, 2, 1, 5];12
8;5;0.2644708738591297;0.7057324992587627;[1, 7, 0, 2, 3, 2];15
2;6;0.1587773641541132;-0.02656173575562204;[0, 6, 2, 0, 2, 3];13
0;5;0.5482316559070416;0.33005238042659146;[1, 6, 0, 4, 3, 4];19
3;6;0.6465156794425088;0.20018837849587012;[1, 3, 0, 0, 3, 1];11
4;5;0.4717233117450533;0.44139726626759646;[0, 2, 0, 4, 3, 4];18
5;5;0.351063829787234;0.5337577483665605;[0, 3, 0, 1, 0, 1];18
1;6;0.3438827243243954;0.5292989564646282;[0, 3, 1, 0, 3, 3];11
0;5;0.7112349199643242;0.19167803547066864;[1, 7, 1, 0, 1, 5];20
5;5;0.5908203654608887;0.4408189868883172;[1, 7, 2, 4, 2, 1];28
2;5;1.8717499860913098;-1.463394692893607;[1, 6, 0, 1, 2, 3];21
4;5;0.48287997518722364;0.41734264525123155;[0, 2, 0, 0, 2, 4];21
4;6;0.4468198679673866;0.5210127711001535;[1, 5, 1, 4, 2, 3];15
4;6;0.4218452883304726;0.4711140333730208;[1, 4, 0, 1, 0, 2];13
0;6;0.8175184461805556;0.13463569165786704;[1, 2, 0, 2, 3, 1];13
4;5;0.5197010425836087;0.39969902515836586;[0, 2, 0, 1, 2, 4];19
1;5;0.5155316844705473;0.5186461450800799;[1, 1, 2, 4, 3, 5];14
7;6;0.6154307951771145;0.21184803605924019;[0, 4, 0, 2, 1, 3];10
5;6;0.5735168705969597;0.34472831953940275;[1, 7, 1, 2, 0, 2];13
4;6;0.4218452883304726;0.4711140333730208;[1, 4, 1, 1, 0, 2];13
5;6;0.299100779884362;0.662123506646475;[1, 7, 0, 2, 1, 3];13
2;5;0.3487007007787136;0.6779048292211423;[1, 7, 2, 0, 2, 5];17
7;5;1.5325154113482558;-0.7367404434421059;[1, 3, 1, 4, 2, 3];21
0;6;0.5161194733605565;0.4872281399117041;[0, 2, 0, 0, 2, 1];12
1;5;0.5612745098039216;0.4158402715172085;[0, 2, 1, 2, 0, 5];13
2;5;1.0603364606923327;-0.21705425639455767;[0, 6, 1, 4, 2, 3];10
7;6;0.6654324644549763;0.3304327692990411;[0, 5, 2, 0, 3, 1];11
4;5;0.6239191388686208;0.4183714047466466;[1, 5, 0, 0, 3, 3];26
3;5;0.4722559740785743;0.49202161075511996;[0, 6, 0, 4, 0, 2];15
7;6;0.6857212782529848;0.16982187075645017;[0, 6, 0, 4, 0, 2];10
1;5;0.7067460317460317;0.30625232009333403;[0, 6, 1, 1, 0, 4];17
1;5;0.3965287049399199;0.5853318356266967;[1, 6, 2, 1, 1, 5];16
3;6;2.5594795743611107;-0.8312254203141751;[0, 3, 1, 4, 2, 2];11
8;7;0.233355091383812;0.682852386237514;[1, 7, 1, 4, 1, 3];11
8;7;0.17920978363123236;0.7718906945408517;[1, 7, 0, 0, 3, 1];10
7;6;0.6154307951771145;0.21184803605924019;[0, 4, 2, 2, 1, 3];11
1;6;0.3372122859025033;0.5902356060227102;[1, 7, 2, 2, 1, 4];13
6;7;0.2328673887587822;0.7646421470634444;[1, 7, 2, 4, 3, 1];15
4;6;0.43143138321575747;0.4804877142638714;[1, 5, 2, 2, 2, 5];13
0;6;0.6768572984749455;0.37782587782587773;[0, 5, 1, 2, 1, 5];16
5;5;0.47241379310344833;0.5750330190827526;[1, 7, 1, 4, 1, 2];25
5;6;0.38828233327635;0.4803347166227093;[1, 7, 2, 0, 3, 2];13
1;6;0.23853767200541393;0.6019458756440398;[0, 5, 1, 4, 0, 5];13
3;5;0.7705295471987719;0.2576956904133686;[1, 4, 1, 1, 0, 2];18
7;6;0.8154906652462423;-0.3289863205422645;[1, 3, 1, 4, 2, 1];14
0;6;0.43415685204782184;0.5460528496413284;[1, 0, 2, 4, 2, 2];9
6;7;0.19258594791412853;0.7286876468722361;[0, 7, 2, 2, 2, 4];14
1;5;0.5612745098039216;0.4158402715172085;[0, 2, 1, 2, 0, 5];21
0;6;0.5076825844326072;0.6206464201004676;[0, 7, 0, 0, 2, 5];13
1;6;0.37016493162535863;0.5024014340601175;[1, 1, 2, 0, 3, 5];11
4;6;0.4218452883304726;0.4711140333730208;[1, 4, 2, 1, 0, 2];12
2;5;0.780952380952381;0.3383614031723712;[0, 6, 0, 4, 0, 0];25
7;6;0.5854150067096223;0.21896936019338564;[0, 4, 2, 2, 3, 3];11
2;6;0.6543548387096767;0.2705173469520694;[0, 6, 1, 0, 2, 4];13
8;5;0.347911227154047;0.5994378364120445;[0, 6, 1, 1, 0, 5];17
7;6;1.0919614377594853;-0.9500735265477054;[0, 3, 1, 0, 2, 4];12
1;5;0.42912116159518;0.5594586800369716;[0, 3, 1, 0, 3, 5];21
4;5;0.5313964386129335;0.3017628037968082;[0, 4, 2, 2, 2, 0];20
1;5;0.43637782982045265;0.48269613939369627;[1, 6, 1, 0, 1, 5];16
2;6;0.4270902624724504;0.40008154729414236;[1, 6, 0, 4, 2, 1];15
1;6;0.23853767200541393;0.6019458756440398;[0, 5, 0, 1, 0, 5];12
7;6;4.081795878108935;-1.6502116782490615;[0, 5, 2, 5, 2, 0];10
8;6;0.3081825022059104;0.6404093059962161;[1, 5, 1, 4, 3, 5];10
7;6;0.7539080890276386;0.06546469199399008;[0, 6, 1, 1, 0, 2];10
6;7;0.4290551364576355;0.5949796031139787;[1, 7, 2, 2, 0, 3];16
8;5;0.266113126000351;0.645109403286539;[0, 7, 0, 0, 3, 2];18
7;5;0.9435186878321501;-0.6007126665948463;[1, 7, 1, 4, 2, 2];23
3;6;0.28955353272648465;0.4323902756446142;[0, 6, 0, 4, 0, 4];10
4;5;0.5509988586805176;0.37563991873003766;[1, 5, 2, 0, 2, 1];17
7;5;1.1025854469947314;-0.1081017069339758;[1, 7, 0, 2, 3, 2];22
4;6;0.43560439024481523;0.5522044097773947;[1, 5, 0, 1, 3, 5];16
8;5;0.2644708738591297;0.7057324992587627;[1, 7, 1, 2, 3, 2];22
7;5;0.6039692188717886;0.4665261606733745;[0, 2, 2, 4, 2, 1];17
4;5;0.5313964386129335;0.3017628037968082;[0, 4, 2, 2, 3, 0];18
4;5;0.4875118371212121;0.25795729584562843;[0, 5, 2, 2, 1, 3];24
8;7;0.2515520740362954;0.6794664208314192;[1, 7, 2, 1, 3, 4];10
4;5;0.6334292386867966;0.2958925128670111;[1, 3, 1, 2, 2, 2];17
8;5;0.26265928124620036;0.6992683830204014;[1, 7, 0, 0, 3, 3];19
5;6;0.34444181238906;0.559562250614756;[1, 7, 0, 0, 3, 3];9
1;6;0.3096851248642779;0.47691461157520887;[1, 3, 0, 1, 0, 0];14
2;5;0.36479448552904875;0.41325906679387947;[0, 5, 1, 1, 2, 5];21
0;6;0.43415685204782184;0.5460528496413284;[1, 0, 2, 1, 2, 2];12
2;6;0.08468137585612255;0.8908606205347543;[0, 7, 1, 2, 2, 2];13
7;6;0.5854150067096223;0.21896936019338564;[0, 4, 0, 2, 3, 3];12
7;5;1.3060338090963983;-0.1701870921037023;[1, 7, 2, 0, 2, 2];17
5;5;0.3568181818181818;0.49254481487686386;[0, 7, 1, 2, 0, 1];19
5;5;0.48725694724536917;0.44079813788771804;[1, 7, 1, 1, 3, 4];16
4;6;0.4218452883304726;0.4711140333730208;[1, 4, 1, 4, 0, 2];11
7;5;0.7362125064893972;0.06726655705844342;[0, 2, 2, 2, 2, 1];20
1;5;0.5143526654950206;0.5274026824995655;[1, 7, 0, 0, 1, 5];14
0;6;0.7419883630335815;0.38810192329531734;[1, 0, 1, 2, 2, 1];10
2;5;0.47813602017508267;0.3743876748508741;[1, 6, 1, 0, 2, 1];19
7;5;0.6039692188717886;0.4665261606733745;[0, 2, 2, 0, 2, 1];16
5;6;0.2586758579037485;0.6260643813815356;[1, 7, 2, 2, 3, 2];15
2;5;0.16608019232922214;0.8701879097044172;[0, 7, 2, 2, 2, 2];24
4;5;0.527306183275229;0.2875188373253157;[0, 5, 0, 0, 2, 4];25
7;6;0.6975899309139998;0.3814402108794632;[0, 7, 1, 2, 3, 1];14
7;5;0.6039692188717886;0.4665261606733745;[0, 2, 2, 0, 2, 1];23
0;6;0.43415685204782184;0.5460528496413284;[1, 0, 2, 4, 2, 2];11
2;6;0.17739028271922225;0.7589647655527467;[0, 6, 1, 1, 2, 2];10
5;6;0.4333137485311399;0.46727242133602565;[1, 7, 1, 4, 1, 2];11
6;7;0.33985238288155195;0.571903763536977;[1, 6, 0, 2, 0, 5];18
7;5;1.1398648703947851;-0.19408754904762326;[1, 7, 1, 0, 2, 2];18
8;5;0.24276213832519103;0.739990941042248;[1, 6, 2, 1, 3, 3];19
4;5;0.6764705882352942;0.31260089307445094;[0, 4, 0, 1, 0, 0];22
4;6;0.5268577966426401;0.45240918578645684;[1, 0, 2, 2, 2, 2];10
5;6;0.39257144546259415;0.6015786165016223;[0, 6, 2, 2, 3, 4];14
4;5;0.5313964386129335;0.3017628037968082;[0, 4, 1, 2, 3, 0];18
5;5;0.43851116609417395;0.42337847351640967;[1, 6, 1, 1, 3, 4];21
1;6;0.5407205966178985;0.3655113819470893;[1, 7, 1, 2, 0, 4];10
5;6;0.32127510664162395;0.6195126808526086;[1, 7, 1, 2, 3, 3];11
1;5;0.42730496453900707;0.4975568660488626;[1, 7, 2, 0, 0, 4];21
2;6;0.16349895011107202;0.8595496578663759;[0, 2, 0, 2, 2, 3];13
4;5;0.5313964386129335;0.3017628037968082;[0, 4, 0, 2, 1, 0];14
3;6;0.6116379310344826;0.31372264889146506;[0, 3, 2, 1, 0, 1];9
2;6;0.2110270753910581;0.8241907789718692;[0, 2, 0, 4, 2, 1];13
7;6;0.5854150067096223;0.21896936019338564;[0, 4, 1, 2, 3, 3];12
8;6;0.23931012574771338;0.7475655571936712;[1, 7, 0, 4, 3, 5];12
5;6;0.35745770544383204;0.5504334471471674;[1, 7, 1, 2, 3, 3];15
1;5;0.2738436655330267;0.5312133131476265;[1, 3, 1, 0, 3, 5];17
4;6;0.4218452883304726;0.4711140333730208;[1, 4, 0, 1, 0, 2];13
2;5;0.3361560652402852;0.6552834844565358;[0, 7, 2, 1, 2, 4];17
0;6;0.518541676206451;0.6941971837068064;[1, 4, 2, 0, 2, 5];10
2;5;0.15442652906539092;0.8001532487116108;[1, 7, 1, 4, 2, 3];18
0;6;0.8175184461805556;0.13463569165786704;[1, 2, 0, 2, 3, 1];11
4;5;0.3780753627338679;0.6034575881257261;[1, 6, 0, 0, 1, 5];17
4;6;0.3858347936013704;0.49788487835795536;[1, 5, 0, 4, 2, 2];16
5;5;0.34375;0.4903005464480874;[1, 7, 2, 1, 0, 2];17
7;6;0.8154297080530276;0.19674095375029954;[0, 3, 2, 1, 0, 2];12
5;5;0.20298102981029806;0.7024323709934077;[1, 7, 1, 0, 1, 0];21
7;6;0.5854150067096223;0.21896936019338564;[1, 4, 0, 2, 3, 3];10
1;5;0.3889088534258743;0.5372589055317711;[1, 7, 1, 1, 3, 5];18
4;6;0.6612159049139447;0.3069419920636982;[0, 7, 2, 2, 2, 3];10
8;6;0.30818250220591076;0.6404093059962164;[1, 5, 1, 1, 3, 5];12
4;5;0.6110240995744906;-0.08066392817606216;[1, 7, 1, 0, 2, 4];14
4;5;0.31917196371401463;0.5891991357765465;[1, 7, 2, 2, 3, 3];18
0;6;0.8175184461805556;0.13463569165786704;[0, 2, 0, 2, 3, 1];11
4;5;0.4111822975782351;0.3810512488758766;[1, 5, 2, 0, 2, 4];19
2;5;0.4217838811772043;0.6332507754749678;[0, 6, 1, 1, 2, 1];19
8;6;0.27631578947368424;0.6605821752056975;[1, 7, 0, 0, 1, 5];13
8;6;0.30818250220591076;0.6404093059962164;[1, 5, 0, 1, 3, 5];13
4;6;0.5224566327015501;0.08184653386170981;[1, 6, 2, 1, 3, 1];13
8;5;0.22076407115777197;0.738644921620373;[1, 7, 0, 1, 1, 2];24
6;7;0.28849498379429744;0.6948736002852405;[1, 7, 0, 2, 3, 5];18
1;6;0.5928688996099278;0.36192896162124777;[0, 6, 2, 2, 0, 4];10
1;6;0.6774930779016688;0.18558407347833183;[0, 2, 1, 2, 0, 2];14
3;6;0.29996134518747597;0.42052430371146554;[1, 6, 2, 2, 0, 2];11
5;5;0.4820500842287057;0.5296658331438964;[1, 3, 0, 1, 2, 0];21
5;5;0.6164705882352941;0.37527322404371566;[1, 2, 1, 2, 1, 3];25
0;6;0.4683543575630713;0.6818423177984201;[1, 3, 2, 1, 2, 2];13
0;6;0.43415685204782184;0.5460528496413284;[1, 1, 2, 1, 2, 2];11
4;5;0.3379826284622232;0.5351731994568821;[1, 1, 2, 1, 3, 2];15
1;6;0.5767745393721382;0.2506935216914935;[0, 2, 1, 0, 0, 4];13
7;5;0.6039692188717886;0.4665261606733745;[0, 2, 2, 4, 2, 1];27
5;6;0.4989041794087666;0.5824218969095295;[1, 7, 1, 0, 1, 2];13
2;5;0.5160558354425528;0.4751452271169121;[0, 7, 1, 1, 2, 3];19
4;5;0.3379826284622232;0.5351731994568821;[1, 0, 1, 1, 3, 2];18
1;6;0.2997787610619469;0.5708320863462151;[1, 7, 2, 4, 0, 5];11
6;7;0.206427952506964;0.7833418064088972;[1, 0, 2, 1, 2, 5];11
4;6;0.48155142746782753;0.4675115502837991;[1, 5, 0, 2, 2, 4];14
2;6;0.28440001496605255;-3.332846780581299;[0, 7, 1, 4, 2, 4];12
1;6;0.5334459068533803;0.5164281176252596;[1, 7, 0, 2, 3, 4];11
1;6;0.6418184341284685;0.3528179903800577;[0, 7, 2, 2, 0, 5];11
4;5;0.44673156965576327;0.543882600679526;[1, 5, 0, 0, 3, 5];20
3;6;2.768955713327659;-1.1599793014817381;[0, 3, 2, 1, 2, 1];10
5;5;0.4849162011173184;0.4080327868852458;[1, 7, 2, 1, 1, 4];28
7;6;0.8351829356354885;-0.3975338893205187;[0, 3, 1, 0, 2, 1];12
4;5;0.43934638850581526;0.5739170038712842;[1, 5, 0, 1, 1, 4];20
5;5;0.3568181818181818;0.4868487183782879;[0, 7, 1, 4, 1, 1];16
8;6;0.3039674105561459;0.6729745957925305;[1, 7, 1, 4, 1, 4];15
2;5;0.09772709819918297;0.8899969125374105;[0, 7, 2, 4, 2, 2];17
5;6;0.43919489126318706;0.5663072940702998;[1, 3, 0, 4, 3, 2];14
6;7;0.16048388679666611;0.8262626605695063;[1, 7, 0, 4, 2, 4];19
1;6;0.5734899539196596;0.3617113861886223;[0, 6, 1, 2, 0, 5];10
4;5;0.5313964386129335;0.3017628037968082;[0, 4, 2, 2, 1, 0];23
4;6;0.408526590339382;0.5607365682435184;[1, 5, 2, 4, 2, 4];17
7;5;0.6039692188717886;0.4665261606733745;[0, 2, 2, 4, 2, 1];23
1;5;0.37821411874707805;0.5356119870020459;[1, 3, 1, 1, 3, 1];23
2;6;0.2138707486310053;0.8518604676087853;[0, 2, 0, 4, 2, 2];11
2;6;0.22124367961042807;0.6066214472021869;[1, 6, 0, 0, 2, 2];11
4;5;0.37469734159972623;0.6296561580949227;[1, 5, 0, 1, 3, 3];20
2;5;0.42679085333418587;0.5933864269923325;[1, 7, 0, 1, 2, 2];17
2;6;1.1038095576436875;-0.3145342921536547;[0, 6, 1, 2, 2, 4];13
4;5;0.5409208594002408;0.5437949971096747;[1, 5, 1, 4, 1, 3];14
2;6;0.3645352379813513;0.5960811184703148;[0, 7, 2, 4, 2, 1];11
7;5;1.043448851872765;0.1353536774012094;[1, 2, 0, 0, 0, 1];21
7;5;0.6741625318868611;0.24802946139783433;[1, 7, 0, 1, 2, 2];28
1;6;0.5699451188837961;0.41862713503061555;[1, 7, 2, 2, 0, 4];10
2;5;0.07273675700280169;0.8921947823736087;[0, 7, 0, 0, 2, 2];20
8;5;0.16656144781144777;0.7838994738547895;[1, 7, 2, 0, 1, 5];15
4;5;0.5246260659350995;0.4718061905512637;[1, 6, 2, 0, 1, 4];18
8;5;0.1954390451832907;0.7578327023728253;[1, 7, 0, 2, 1, 3];17
4;6;0.4218452883304726;0.4711140333730208;[1, 4, 1, 4, 0, 2];14
2;6;0.44458964465763573;0.6088190280324158;[0, 6, 2, 2, 2, 3];15
6;7;0.03581596099962475;0.9366589961979853;[1, 7, 0, 0, 2, 5];17
4;6;0.39455442319515643;0.5304791488582243;[1, 5, 1, 4, 3, 1];16
5;5;0.39433760683760677;0.5376221868606501;[1, 6, 2, 1, 0, 0];12
5;5;0.5050943567410633;0.5003409865878609;[1, 3, 0, 2, 1, 0];12
5;6;0.39519230769230773;0.5638693084397028;[1, 3, 0, 2, 1, 3];13
2;5;0.36298692198326166;0.5878731195864649;[0, 7, 2, 2, 2, 1];20
4;6;0.4218452883304726;0.4711140333730208;[1, 4, 0, 4, 0, 2];11
5;6;0.4166666666666667;0.3629262716707944;[1, 3, 0, 4, 2, 0];11
4;6;0.4218452883304726;0.4711140333730208;[1, 4, 2, 1, 0, 2];14
4;5;0.3379826284622232;0.5351731994568821;[1, 0, 1, 1, 3, 2];15
4;6;0.591881739291945;0.37521422220002576;[0, 2, 2, 0, 2, 2];12
8;5;0.16656144781144777;0.7838994738547895;[1, 7, 0, 2, 1, 5];18
8;5;0.2525125201950577;0.7342127555473226;[1, 5, 2, 4, 3, 5];15
2;5;0.14878495966806837;0.8231912667856319;[1, 7, 0, 2, 2, 1];21
8;6;0.2945279814198439;0.6734782818411025;[1, 7, 2, 2, 3, 4];13
6;7;0.06674485833625944;0.9117415706462002;[1, 7, 0, 1, 2, 4];18
2;5;0.06397162492905513;0.8995398862789565;[1, 7, 0, 4, 2, 2];20
5;6;0.3333333333333333;0.5580110497237569;[1, 3, 0, 0, 0, 4];12
5;6;0.5160349854227406;0.39226519337016574;[1, 7, 2, 0, 1, 0];12
6;7;0.21628213592595866;0.7606695147826728;[1, 5, 2, 1, 2, 2];10
5;6;0.3158491875864448;0.6169163221294724;[1, 7, 1, 2, 3, 3];12
1;6;0.2857142857142857;0.5851153181506618;[1, 7, 0, 2, 0, 5];12
4;6;0.4218452883304726;0.4711140333730208;[1, 4, 0, 0, 0, 2];13
2;5;0.2594989217559243;0.5797783743899345;[1, 6, 1, 2, 2, 2];19
2;6;0.3198481576922855;-1.404923630617807;[1, 7, 1, 4, 2, 3];17
1;6;0.38472622478386165;0.5312309935027948;[1, 7, 1, 4, 0, 5];13
8;5;0.2660183066361556;0.697749229400691;[1, 7, 1, 2, 0, 5];19
5;6;0.48150425072996755;0.5060275604253611;[1, 6, 2, 0, 3, 2];11
1;6;0.38472622478386165;0.5312309935027948;[1, 7, 1, 1, 0, 5];13
8;5;0.22224993764030931;0.7226928566995594;[1, 6, 0, 4, 1, 5];17
5;6;0.33187684884806473;0.6263991847817996;[1, 7, 2, 1, 2, 1];10
5;5;0.3942307692307692;0.46624225163343935;[0, 7, 1, 1, 0, 2];16
4;6;0.4549143076258523;0.5352534285437731;[0, 2, 0, 2, 2, 4];11
1;6;0.38031746031746033;0.5449349796781324;[1, 2, 2, 2, 0, 4];14
2;6;0.1332140629337106;0.8331680775130844;[1, 5, 2, 2, 2, 3];12
6;5;0.15662715402547792;0.8261684941615125;[1, 5, 2, 1, 2, 5];26
8;5;0.2525125201950577;0.7342127555473226;[1, 5, 1, 0, 3, 5];16
5;6;0.4782608695652174;0.47208992188988375;[1, 7, 0, 4, 3, 0];10
4;6;0.8951712774113958;0.23929966764414656;[0, 7, 0, 0, 3, 3];16
0;6;0.7806292682406237;0.6144117219107681;[0, 7, 1, 4, 2, 1];14
4;6;0.8142011039231293;0.28557076435654427;[0, 1, 2, 1, 1, 3];12
8;5;0.22276785714285716;0.7351848403980223;[1, 5, 0, 4, 1, 4];16
5;6;0.26851851851851855;0.43836921318346345;[1, 3, 0, 1, 1, 0];17
4;6;0.4549143076258523;0.5352534285437731;[0, 2, 0, 2, 2, 4];12
6;7;0.30851837446422076;0.6538116512348848;[0, 7, 2, 2, 2, 2];16
2;6;0.48370105827958615;0.44583268824108513;[1, 7, 2, 0, 2, 3];13
8;5;0.23727747828534232;0.3283516694744645;[0, 7, 2, 0, 3, 3];18
2;6;0.45021798749713987;0.7487173693280379;[1, 7, 2, 4, 2, 3];10
1;6;0.3605379994776704;0.5328046107952077;[1, 7, 0, 2, 0, 5];15
4;6;0.4137149785264772;0.527415624538168;[1, 5, 1, 2, 2, 2];13
1;6;0.41898527004909986;0.5048914075346984;[1, 7, 0, 2, 1, 5];13
2;6;0.4763261918438745;0.47945832927745613;[0, 7, 0, 2, 2, 3];11
1;6;0.32355442176870747;0.5508416760794081;[1, 7, 2, 2, 1, 5];14
1;6;0.38472622478386165;0.5395238600928723;[1, 7, 0, 1, 0, 5];13
4;6;0.4549143076258523;0.5352534285437731;[0, 2, 0, 2, 2, 4];14
2;6;0.6186863808772348;0.15231437958111227;[1, 7, 1, 0, 2, 3];13
6;5;0.1591776776030062;0.8025946956973632;[1, 7, 0, 2, 2, 5];31
8;5;0.17655178502763746;0.7908556197279197;[1, 7, 1, 4, 3, 3];20
4;6;0.48866871380891425;0.5062986684880391;[1, 5, 0, 4, 2, 4];12
2;6;0.45021798749713987;0.7487173693280379;[0, 7, 0, 1, 2, 3];13
8;5;0.25646825609908896;0.3346317932685846;[0, 7, 0, 0, 0, 3];21
2;6;0.4137990676721498;0.5141114588234346;[1, 7, 1, 1, 2, 3];18
5;6;0.31344278406252224;0.5861269702195557;[1, 7, 1, 2, 3, 5];14
6;7;0.14753396941663158;0.8391859666905108;[1, 2, 0, 4, 2, 4];13
2;6;0.45021798749713987;0.7487173693280379;[0, 7, 2, 0, 2, 3];18
6;5;0.13487166303103967;0.8337098951458126;[1, 7, 2, 0, 2, 4];32
8;5;0.6060606060606061;0.3606447864733101;[1, 6, 0, 1, 3, 3];24
6;5;0.10382033159526668;0.8469641109404613;[1, 7, 2, 1, 2, 5];30
8;5;0.18293421880562666;0.34826769680587155;[0, 7, 1, 0, 1, 5];18
6;5;0.22624162936132455;0.6297470358250816;[0, 7, 1, 1, 2, 5];22
2;6;0.45021798749713987;0.7487173693280379;[0, 7, 0, 1, 2, 3];14
8;5;0.24234635961621984;0.6987123187720412;[1, 6, 1, 1, 0, 5];27
8;6;0.1724196372034119;0.7756591436405822;[1, 7, 1, 0, 1, 4];19
6;5;0.12184333639215063;0.8535220391437509;[1, 7, 0, 4, 2, 5];26
2;6;1.4711530374048483;-0.810663427717329;[1, 6, 2, 0, 2, 3];19
8;6;0.15996531764418143;0.7466956782379912;[1, 7, 0, 4, 1, 4];15
8;6;0.23417315600510685;0.7578414502825299;[1, 7, 2, 0, 1, 4];14
8;6;0.6181891532502378;0.32396896057904756;[1, 6, 0, 0, 1, 4];15
6;7;0.074542562581237;0.9116752986383119;[1, 7, 1, 0, 2, 5];18
6;7;0.11882655864838165;0.8520447399393384;[1, 5, 0, 1, 2, 5];24
8;5;0.20983804876869516;0.31801482484480714;[0, 7, 2, 0, 1, 5];29
6;7;0.1318862188279088;0.857061722069689;[1, 5, 2, 4, 2, 4];21
8;5;0.19095347194741413;0.7778250511096503;[1, 7, 0, 1, 3, 5];25
8;5;0.24274538185828504;0.31100148182073106;[0, 7, 0, 0, 1, 5];23
6;7;0.28413595039749845;0.7108611074927083;[1, 7, 0, 4, 3, 2];15
6;7;0.24209887714956718;0.7748102753524734;[1, 7, 1, 4, 2, 3];16
8;6;0.23242945032778617;0.7510807180363902;[1, 6, 2, 1, 1, 4];19
6;5;0.021076816309676328;0.7577914619539436;[0, 7, 2, 4, 2, 5];31
6;6;0.2021969720165355;0.7458728378007374;[0, 7, 2, 4, 2, 5];17
8;6;0.25687413863746417;0.7332763463182317;[1, 7, 2, 4, 1, 4];21
6;7;0.1274170627431032;0.8614900196064799;[1, 7, 2, 1, 2, 5];15
8;5;0.1789499432942694;0.6681282006242484;[1, 6, 0, 4, 0, 5];21
6;7;0.2509844677785336;0.7639317308545361;[1, 7, 0, 4, 2, 5];21
6;7;0.10637298651403004;0.8914966759321364;[0, 7, 0, 0, 2, 4];14
8;6;0.25044569906883046;0.6936433583535564;[1, 7, 1, 4, 1, 2];14
6;5;0.13525553832160953;0.8134546821893058;[0, 7, 2, 4, 2, 5];31
8;6;0.2502089252883169;0.7343792915326297;[1, 7, 0, 0, 1, 2];15
8;6;0.45756685391169755;0.2501742836267761;[0, 7, 1, 4, 3, 2];14
8;6;0.22970275884635916;0.7291607878548452;[1, 6, 0, 0, 1, 2];13
6;5;0.07001019874780942;0.8948664637254531;[1, 7, 2, 1, 2, 3];26
8;6;0.2590133851468049;0.6631968325709524;[1, 2, 0, 0, 1, 5];14
6;5;0.027047508591792203;0.7491890111180046;[1, 7, 0, 4, 2, 5];39
8;6;0.20566414037688377;-0.3357371100930635;[0, 7, 1, 0, 2, 5];13
6;5;0.18269317261322798;0.8003350251440123;[1, 7, 1, 4, 2, 5];26
6;5;0.11518177235238139;0.8519543265219814;[1, 7, 1, 4, 2, 5];27
8;6;0.2590133851468049;0.6631968325709524;[1, 2, 0, 1, 1, 5];12
8;6;0.2590133851468049;0.6631968325709524;[1, 2, 0, 0, 1, 5];12
6;6;0.19812846168459333;0.7451289270368406;[0, 7, 0, 1, 2, 5];19
6;6;0.09966276974355572;0.8680305854404816;[1, 7, 0, 1, 2, 5];15
6;6;0.20588812634356696;0.7295949468203207;[0, 7, 1, 4, 2, 5];17
8;6;0.3802264678781685;0.49462195787536256;[1, 6, 2, 1, 3, 2];14
8;6;0.28423331420223585;0.32146411423411125;[0, 7, 0, 4, 3, 2];13
8;6;0.26883580013042385;0.6880460554501379;[1, 6, 1, 4, 2, 5];9
6;7;0.1842772980400555;0.8001265675109813;[0, 7, 0, 1, 2, 5];17
6;5;0.09604457371501701;0.8652740625526198;[1, 7, 1, 4, 2, 5];27
6;6;0.16267818179709276;0.7740859874907497;[0, 7, 2, 1, 2, 4];14
6;6;0.20399496130927833;0.7258601071989763;[0, 7, 1, 2, 2, 5];19
6;6;0.1226717212682098;0.8486856583477347;[1, 7, 1, 1, 2, 5];17
6;5;0.03536285243909494;0.9351816561546452;[1, 7, 1, 1, 2, 4];36
6;7;0.14726493264601218;0.8382841746060451;[1, 2, 0, 0, 2, 5];16
8;6;0.1724196372034119;0.7756591436405822;[1, 7, 1, 4, 1, 4];16
8;6;0.26672496285910796;0.33360997346780064;[0, 7, 0, 0, 3, 2];15
6;6;0.3329530277857004;0.7036057377372544;[0, 7, 0, 4, 2, 5];19
6;7;0.39922029149364185;0.6015911416509111;[1, 7, 2, 2, 1, 5];21
6;5;0.12619679980525683;0.8557524990728194;[1, 7, 1, 1, 2, 5];37
6;5;0.08720875623495923;0.8950302857014799;[0, 7, 1, 0, 2, 5];22
8;6;0.19002493242444127;0.7758345452325182;[1, 7, 0, 0, 1, 4];22
8;6;0.28423331420223585;0.32146411423411125;[0, 7, 2, 0, 3, 2];16
6;5;0.26715965786281737;0.7172175195474569;[1, 7, 0, 4, 2, 4];20
6;6;0.2000148660078143;0.7499282997923045;[0, 7, 0, 4, 2, 5];17
4;0;0.40144766146993316;0.32109326661824444;[0, 0, 0, 0, 0, 0]
0;0;0.3706634004237288;0.6472772277227723;[0, 0, 0, 0, 0, 0]
0;0;0.3706634004237288;0.6472772277227723;[0, 0, 0, 0, 0, 0]
7;0;0.706221198156682;0.27321390553240665;[0, 0, 0, 0, 0, 0]
7;0;0.706221198156682;0.27321390553240665;[0, 0, 0, 0, 0, 0]
0;0;0.3706634004237288;0.6472772277227723;[0, 0, 0, 0, 0, 0]
7;0;0.706221198156682;0.27321390553240665;[0, 0, 0, 0, 0, 0]
5;0;0.6216929682060802;0.3195913246101455;[0, 0, 0, 0, 0, 0]
4;0;0.40144766146993316;0.32109326661824444;[0, 0, 0, 0, 0, 0]
3;0;0.5793939393939396;0.17224287484510514;[0, 0, 0, 0, 0, 0]
4;0;0.40144766146993316;0.32109326661824444;[0, 0, 0, 0, 0, 0]
1;0;0.34273284556060907;0.46899140017227003;[0, 0, 0, 0, 0, 0]
4;0;0.40144766146993316;0.32109326661824444;[0, 0, 0, 0, 0, 0]
2;0;0.34;0.6579600846132622;[0, 0, 0, 0, 0, 0]
5;0;0.6216929682060802;0.3195913246101455;[0, 0, 0, 0, 0, 0]
0;0;0.6616666666666666;0.37653814602132896;[0, 0, 0, 0, 0, 0]
2;0;0.34;0.6579600846132622;[0, 0, 0, 0, 0, 0]
3;0;0.5793939393939396;0.17224287484510514;[0, 0, 0, 0, 0, 0]
8;0;0.466390423572744;0.530791679833448;[0, 0, 0, 0, 0, 0]
1;0;0.34273284556060907;0.46899140017227003;[0, 0, 0, 0, 0, 0]
0;0;0.3706634004237288;0.6472772277227723;[0, 0, 0, 0, 0, 0]
3;0;0.44649681528662416;0.4308986371379897;[0, 0, 0, 0, 0, 0]
5;0;0.5135591315130374;0.41726735239329393;[0, 0, 0, 0, 0, 0]
4;0;0.5437392795883362;0.27309564804369757;[0, 0, 0, 0, 0, 0]
1;0;0.34273284556060907;0.46899140017227003;[0, 0, 0, 0, 0, 0]
4;0;0.5437392795883362;0.27309564804369757;[0, 0, 0, 0, 0, 0]
7;0;0.706221198156682;0.27321390553240665;[0, 0, 0, 0, 0, 0]
2;0;0.34;0.6579600846132622;[0, 0, 0, 0, 0, 0]
3;0;0.5793939393939396;0.17224287484510514;[0, 0, 0, 0, 0, 0]
1;0;0.34273284556060907;0.46899140017227003;[0, 0, 0, 0, 0, 0]
0;0;0.3706634004237288;0.6472772277227723;[0, 0, 0, 0, 0, 0]
2;0;0.34;0.6579600846132622;[0, 0, 0, 0, 0, 0]
5;0;0.6216929682060802;0.3195913246101455;[0, 0, 0, 0, 0, 0]
8;0;0.466390423572744;0.530791679833448;[0, 0, 0, 0, 0, 0]
3;0;0.5793939393939396;0.17224287484510514;[0, 0, 0, 0, 0, 0]
0;0;0.3706634004237288;0.6472772277227723;[0, 0, 0, 0, 0, 0]
5;0;0.6216929682060802;0.3195913246101455;[0, 0, 0, 0, 0, 0]
1;0;0.34273284556060907;0.46899140017227003;[0, 0, 0, 0, 0, 0]
2;0;0.5789473684210527;0.38353288115600115;[0, 0, 0, 0, 0, 0]
8;0;0.466390423572744;0.530791679833448;[0, 0, 0, 0, 0, 0]
3;0;0.44649681528662416;0.4308986371379897;[0, 0, 0, 0, 0, 0]
8;0;0.466390423572744;0.530791679833448;[0, 0, 0, 0, 0, 0]
7;0;2.109509319555311;-0.34237641126822305;[0, 0, 0, 0, 0, 0]
2;0;0.5789473684210527;0.38353288115600115;[0, 0, 0, 0, 0, 0]
2;0;0.34;0.6579600846132622;[0, 0, 0, 0, 0, 0]
3;0;0.44649681528662416;0.4308986371379897;[0, 0, 0, 0, 0, 0]
7;0;2.109509319555311;-0.34237641126822305;[0, 0, 0, 0, 0, 0]
5;0;0.6216929682060802;0.3195913246101455;[0, 0, 0, 0, 0, 0]
1;0;0.5521511607068185;0.3851891070647545;[0, 0, 0, 0, 0, 0]
3;0;0.44649681528662416;0.4308986371379897;[0, 0, 0, 0, 0, 0]
5;0;0.6216929682060802;0.3195913246101455;[0, 0, 0, 0, 0, 0]
7;0;0.706221198156682;0.27321390553240665;[0, 0, 0, 0, 0, 0]
3;0;0.5793939393939396;0.17224287484510514;[0, 0, 0, 0, 0, 0]
7;0;0.706221198156682;0.27321390553240665;[0, 0, 0, 0, 0, 0]
2;0;0.34;0.6579600846132622;[0, 0, 0, 0, 0, 0]
5;0;0.5135591315130374;0.41726735239329393;[0, 0, 0, 0, 0, 0]
2;0;0.34;0.6579600846132622;[0, 0, 0, 0, 0, 0]
1;0;0.34273284556060907;0.46899140017227003;[0, 0, 0, 0, 0, 0]
2;0;0.34;0.6579600846132622;[0, 0, 0, 0, 0, 0]
0;0;0.6616666666666666;0.37653814602132896;[0, 0, 0, 0, 0, 0]
7;0;0.4197785332160765;0.3985140492158866;[0, 0, 0, 0, 0, 0]
5;0;0.3037974683544304;0.504754937820044;[0, 0, 0, 0, 0, 0]
7;0;2.109509319555311;-0.34237641126822305;[0, 0, 0, 0, 0, 0]
1;0;0.34273284556060907;0.46899140017227003;[0, 0, 0, 0, 0, 0]
7;0;2.109509319555311;-0.34237641126822305;[0, 0, 0, 0, 0, 0]
1;0;0.5521511607068185;0.3851891070647545;[0, 0, 0, 0, 0, 0]
5;0;0.6216929682060802;0.3195913246101455;[0, 0, 0, 0, 0, 0]
8;0;0.466390423572744;0.530791679833448;[0, 0, 0, 0, 0, 0]
4;0;0.40144766146993316;0.32109326661824444;[0, 0, 0, 0, 0, 0]
5;0;0.5135591315130374;0.41726735239329393;[0, 0, 0, 0, 0, 0]
5;0;0.6216929682060802;0.3195913246101455;[0, 0, 0, 0, 0, 0]
4;0;0.40144766146993316;0.32109326661824444;[0, 0, 0, 0, 0, 0]
8;0;0.466390423572744;0.530791679833448;[0, 0, 0, 0, 0, 0]
4;0;0.40144766146993316;0.32109326661824444;[0, 0, 0, 0, 0, 0]
8;0;0.466390423572744;0.530791679833448;[0, 0, 0, 0, 0, 0]
0;0;0.3706634004237288;0.6472772277227723;[0, 0, 0, 0, 0, 0]
8;0;0.4286479474221865;0.24909271171981273;[0, 0, 0, 0, 0, 0]
4;0;0.40144766146993316;0.32109326661824444;[0, 0, 0, 0, 0, 0]
4;0;0.40144766146993316;0.32109326661824444;[0, 0, 0, 0, 0, 0]
0;0;0.3706634004237288;0.6472772277227723;[0, 0, 0, 0, 0, 0]
0;0;0.3706634004237288;0.6472772277227723;[0, 0, 0, 0, 0, 0]
2;0;0.641778793237374;0.4838438208238902;[0, 0, 0, 0, 0, 0]
5;0;0.3037974683544304;0.504754937820044;[0, 0, 0, 0, 0, 0]
2;0;0.34;0.6579600846132622;[0, 0, 0, 0, 0, 0]
8;0;0.466390423572744;0.530791679833448;[0, 0, 0, 0, 0, 0]
3;0;0.7663707543506335;-0.15353510455364394;[0, 0, 0, 0, 0, 0]
3;0;0.5793939393939396;0.17224287484510514;[0, 0, 0, 0, 0, 0]
7;0;0.706221198156682;0.27321390553240665;[0, 0, 0, 0, 0, 0]
0;0;0.6616666666666666;0.37653814602132896;[0, 0, 0, 0, 0, 0]
5;0;0.5135591315130374;0.41726735239329393;[0, 0, 0, 0, 0, 0]
1;0;0.34273284556060907;0.46899140017227003;[0, 0, 0, 0, 0, 0]
0;0;0.6616666666666666;0.37653814602132896;[0, 0, 0, 0, 0, 0]
4;0;0.5437392795883362;0.27309564804369757;[0, 0, 0, 0, 0, 0]
8;0;0.466390423572744;0.530791679833448;[0, 0, 0, 0, 0, 0]
3;0;0.7663707543506335;-0.15353510455364394;[0, 0, 0, 0, 0, 0]
7;0;0.706221198156682;0.27321390553240665;[0, 0, 0, 0, 0, 0]
8;0;0.4286479474221865;0.24909271171981273;[0, 0, 0, 0, 0, 0]
1;0;0.5521511607068185;0.3851891070647545;[0, 0, 0, 0, 0, 0]
0;0;0.6616666666666666;0.37653814602132896;[0, 0, 0, 0, 0, 0]
3;0;0.5793939393939396;0.17224287484510514;[0, 0, 0, 0, 0, 0]
3;0;0.5793939393939396;0.17224287484510514;[0, 0, 0, 0, 0, 0]
8;0;0.466390423572744;0.530791679833448;[0, 0, 0, 0, 0, 0]
7;0;0.706221198156682;0.27321390553240665;[0, 0, 0, 0, 0, 0]
5;0;0.5135591315130374;0.41726735239329393;[0, 0, 0, 0, 0, 0]
2;0;0.34;0.6579600846132622;[0, 0, 0, 0, 0, 0]
2;0;0.641778793237374;0.4838438208238902;[0, 0, 0, 0, 0, 0]
3;0;0.5793939393939396;0.17224287484510514;[0, 0, 0, 0, 0, 0]
3;0;0.7663707543506335;-0.15353510455364394;[0, 0, 0, 0, 0, 0]
5;0;0.3037974683544304;0.504754937820044;[0, 0, 0, 0, 0, 0]
4;0;0.5437392795883362;0.27309564804369757;[0, 0, 0, 0, 0, 0]
5;0;0.6216929682060802;0.3195913246101455;[0, 0, 0, 0, 0, 0]
3;0;0.44649681528662416;0.4308986371379897;[0, 0, 0, 0, 0, 0]
3;0;0.44649681528662416;0.4308986371379897;[0, 0, 0, 0, 0, 0]
1;0;0.34273284556060907;0.46899140017227003;[0, 0, 0, 0, 0, 0]
5;0;0.5135591315130374;0.41726735239329393;[0, 0, 0, 0, 0, 0]
3;0;0.7663707543506335;-0.15353510455364394;[0, 0, 0, 0, 0, 0]
2;0;0.5789473684210527;0.38353288115600115;[0, 0, 0, 0, 0, 0]
1;0;0.34273284556060907;0.46899140017227003;[0, 0, 0, 0, 0, 0]
1;0;0.31153184165232356;0.457094743007761;[0, 0, 0, 0, 0, 0]
5;0;0.6216929682060802;0.3195913246101455;[0, 0, 0, 0, 0, 0]
1;0;0.5521511607068185;0.3851891070647545;[0, 0, 0, 0, 0, 0]
7;0;2.109509319555311;-0.34237641126822305;[0, 0, 0, 0, 0, 0]
4;0;0.606778408316646;0.3751553693680659;[0, 0, 0, 0, 0, 0]
0;0;0.5874923787126558;0.490613266583229;[0, 0, 0, 0, 0, 0]
5;0;0.5135591315130374;0.41726735239329393;[0, 0, 0, 0, 0, 0]
5;0;0.3037974683544304;0.504754937820044;[0, 0, 0, 0, 0, 0]
7;0;0.4197785332160765;0.3985140492158866;[0, 0, 0, 0, 0, 0]
5;0;0.5135591315130374;0.41726735239329393;[0, 0, 0, 0, 0, 0]
7;0;2.109509319555311;-0.34237641126822305;[0, 0, 0, 0, 0, 0]
0;0;0.6616666666666666;0.37653814602132896;[0, 0, 0, 0, 0, 0]
2;0;0.5789473684210527;0.38353288115600115;[0, 0, 0, 0, 0, 0]
4;0;0.5437392795883362;0.27309564804369757;[0, 0, 0, 0, 0, 0]
2;0;0.5789473684210527;0.38353288115600115;[0, 0, 0, 0, 0, 0]
0;0;0.5874923787126558;0.490613266583229;[0, 0, 0, 0, 0, 0]
8;0;0.4286479474221865;0.24909271171981273;[0, 0, 0, 0, 0, 0]
8;0;0.4286479474221865;0.24909271171981273;[0, 0, 0, 0, 0, 0]
2;0;0.5789473684210527;0.38353288115600115;[0, 0, 0, 0, 0, 0]
8;0;0.4286479474221865;0.24909271171981273;[0, 0, 0, 0, 0, 0]
5;0;0.5135591315130374;0.41726735239329393;[0, 0, 0, 0, 0, 0]
7;0;2.109509319555311;-0.34237641126822305;[0, 0, 0, 0, 0, 0]
7;0;0.4197785332160765;0.3985140492158866;[0, 0, 0, 0, 0, 0]
2;0;0.5789473684210527;0.38353288115600115;[0, 0, 0, 0, 0, 0]
0;0;0.6616666666666666;0.37653814602132896;[0, 0, 0, 0, 0, 0]
3;0;0.44649681528662416;0.4308986371379897;[0, 0, 0, 0, 0, 0]
0;0;0.6616666666666666;0.37653814602132896;[0, 0, 0, 0, 0, 0]
1;0;0.5521511607068185;0.3851891070647545;[0, 0, 0, 0, 0, 0]
3;0;0.7663707543506335;-0.15353510455364394;[0, 0, 0, 0, 0, 0]
2;0;0.5789473684210527;0.38353288115600115;[0, 0, 0, 0, 0, 0]
5;0;0.3037974683544304;0.504754937820044;[0, 0, 0, 0, 0, 0]
4;0;0.606778408316646;0.3751553693680659;[0, 0, 0, 0, 0, 0]
8;0;0.4286479474221865;0.24909271171981273;[0, 0, 0, 0, 0, 0]
8;0;0.44339793723268484;0.525123470890802;[0, 0, 0, 0, 0, 0]
8;0;0.44339793723268484;0.525123470890802;[0, 0, 0, 0, 0, 0]
6;0;0.4678030303030303;0.3578243576726866;[0, 0, 0, 0, 0, 0]
3;0;0.44649681528662416;0.4308986371379897;[0, 0, 0, 0, 0, 0]
5;0;0.5135591315130374;0.41726735239329393;[0, 0, 0, 0, 0, 0]
0;0;0.6616666666666666;0.37653814602132896;[0, 0, 0, 0, 0, 0]
4;0;0.5437392795883362;0.27309564804369757;[0, 0, 0, 0, 0, 0]
4;0;0.5437392795883362;0.27309564804369757;[0, 0, 0, 0, 0, 0]
7;0;2.109509319555311;-0.34237641126822305;[0, 0, 0, 0, 0, 0]
7;0;0.4197785332160765;0.3985140492158866;[0, 0, 0, 0, 0, 0]
2;0;0.5789473684210527;0.38353288115600115;[0, 0, 0, 0, 0, 0]
1;0;0.31153184165232356;0.457094743007761;[0, 0, 0, 0, 0, 0]
7;0;0.4197785332160765;0.3985140492158866;[0, 0, 0, 0, 0, 0]
7;0;2.109509319555311;-0.34237641126822305;[0, 0, 0, 0, 0, 0]
1;0;0.5521511607068185;0.3851891070647545;[0, 0, 0, 0, 0, 0]
1;0;0.5521511607068185;0.3851891070647545;[0, 0, 0, 0, 0, 0]
8;0;0.44339793723268484;0.525123470890802;[0, 0, 0, 0, 0, 0]
6;0;0.4678030303030303;0.3578243576726866;[0, 0, 0, 0, 0, 0]
1;0;0.31153184165232356;0.457094743007761;[0, 0, 0, 0, 0, 0]
1;0;0.5521511607068185;0.3851891070647545;[0, 0, 0, 0, 0, 0]
4;0;0.606778408316646;0.3751553693680659;[0, 0, 0, 0, 0, 0]
2;0;0.641778793237374;0.4838438208238902;[0, 0, 0, 0, 0, 0]
2;0;0.5789473684210527;0.38353288115600115;[0, 0, 0, 0, 0, 0]
0;0;0.6616666666666666;0.37653814602132896;[0, 0, 0, 0, 0, 0]
6;0;0.4678030303030303;0.3578243576726866;[0, 0, 0, 0, 0, 0]
5;0;0.3037974683544304;0.504754937820044;[0, 0, 0, 0, 0, 0]
4;0;0.5437392795883362;0.27309564804369757;[0, 0, 0, 0, 0, 0]
6;0;0.4678030303030303;0.3578243576726866;[0, 0, 0, 0, 0, 0]
5;0;0.3037974683544304;0.504754937820044;[0, 0, 0, 0, 0, 0]
4;0;0.5437392795883362;0.27309564804369757;[0, 0, 0, 0, 0, 0]
3;0;0.44649681528662416;0.4308986371379897;[0, 0, 0, 0, 0, 0]
0;0;0.5874923787126558;0.490613266583229;[0, 0, 0, 0, 0, 0]
6;0;0.4678030303030303;0.3578243576726866;[0, 0, 0, 0, 0, 0]
3;0;0.7663707543506335;-0.15353510455364394;[0, 0, 0, 0, 0, 0]
8;0;0.4286479474221865;0.24909271171981273;[0, 0, 0, 0, 0, 0]
5;0;0.3037974683544304;0.504754937820044;[0, 0, 0, 0, 0, 0]
1;0;0.5521511607068185;0.3851891070647545;[0, 0, 0, 0, 0, 0]
2;0;0.641778793237374;0.4838438208238902;[0, 0, 0, 0, 0, 0]
3;0;0.44649681528662416;0.4308986371379897;[0, 0, 0, 0, 0, 0]
3;0;0.7663707543506335;-0.15353510455364394;[0, 0, 0, 0, 0, 0]
6;0;0.4678030303030303;0.3578243576726866;[0, 0, 0, 0, 0, 0]
8;0;0.4286479474221865;0.24909271171981273;[0, 0, 0, 0, 0, 0]
8;0;0.44339793723268484;0.525123470890802;[0, 0, 0, 0, 0, 0]
7;0;0.4197785332160765;0.3985140492158866;[0, 0, 0, 0, 0, 0]
4;0;0.5437392795883362;0.27309564804369757;[0, 0, 0, 0, 0, 0]
0;0;0.5874923787126558;0.490613266583229;[0, 0, 0, 0, 0, 0]
0;0;0.5874923787126558;0.490613266583229;[0, 0, 0, 0, 0, 0]
0;0;0.5874923787126558;0.490613266583229;[0, 0, 0, 0, 0, 0]
7;0;2.109509319555311;-0.34237641126822305;[0, 0, 0, 0, 0, 0]
8;0;0.4286479474221865;0.24909271171981273;[0, 0, 0, 0, 0, 0]
0;0;0.5874923787126558;0.490613266583229;[0, 0, 0, 0, 0, 0]
0;0;0.5874923787126558;0.490613266583229;[0, 0, 0, 0, 0, 0]
6;0;0.4678030303030303;0.3578243576726866;[0, 0, 0, 0, 0, 0]
3;0;0.7663707543506335;-0.15353510455364394;[0, 0, 0, 0, 0, 0]
6;0;0.4678030303030303;0.3578243576726866;[0, 0, 0, 0, 0, 0]
2;0;0.641778793237374;0.4838438208238902;[0, 0, 0, 0, 0, 0]
7;0;0.4197785332160765;0.3985140492158866;[0, 0, 0, 0, 0, 0]
8;0;0.4286479474221865;0.24909271171981273;[0, 0, 0, 0, 0, 0]
6;0;0.4678030303030303;0.3578243576726866;[0, 0, 0, 0, 0, 0]
1;0;0.31153184165232356;0.457094743007761;[0, 0, 0, 0, 0, 0]
2;0;0.641778793237374;0.4838438208238902;[0, 0, 0, 0, 0, 0]
1;0;0.5521511607068185;0.3851891070647545;[0, 0, 0, 0, 0, 0]
8;0;0.44339793723268484;0.525123470890802;[0, 0, 0, 0, 0, 0]
6;0;0.4678030303030303;0.3578243576726866;[0, 0, 0, 0, 0, 0]
3;0;0.7663707543506335;-0.15353510455364394;[0, 0, 0, 0, 0, 0]
5;0;0.3037974683544304;0.504754937820044;[0, 0, 0, 0, 0, 0]
1;0;0.31153184165232356;0.457094743007761;[0, 0, 0, 0, 0, 0]
0;0;0.5874923787126558;0.490613266583229;[0, 0, 0, 0, 0, 0]
4;0;0.606778408316646;0.3751553693680659;[0, 0, 0, 0, 0, 0]
4;0;0.606778408316646;0.3751553693680659;[0, 0, 0, 0, 0, 0]
4;0;0.606778408316646;0.3751553693680659;[0, 0, 0, 0, 0, 0]
2;0;0.641778793237374;0.4838438208238902;[0, 0, 0, 0, 0, 0]
4;0;0.606778408316646;0.3751553693680659;[0, 0, 0, 0, 0, 0]
3;0;0.7663707543506335;-0.15353510455364394;[0, 0, 0, 0, 0, 0]
2;0;0.641778793237374;0.4838438208238902;[0, 0, 0, 0, 0, 0]
1;0;0.31153184165232356;0.457094743007761;[0, 0, 0, 0, 0, 0]
2;0;0.641778793237374;0.4838438208238902;[0, 0, 0, 0, 0, 0]
8;0;0.44339793723268484;0.525123470890802;[0, 0, 0, 0, 0, 0]
7;0;0.4197785332160765;0.3985140492158866;[0, 0, 0, 0, 0, 0]
4;0;0.606778408316646;0.3751553693680659;[0, 0, 0, 0, 0, 0]
7;0;0.4197785332160765;0.3985140492158866;[0, 0, 0, 0, 0, 0]
2;0;0.641778793237374;0.4838438208238902;[0, 0, 0, 0, 0, 0]
1;0;0.31153184165232356;0.457094743007761;[0, 0, 0, 0, 0, 0]
8;0;0.44339793723268484;0.525123470890802;[0, 0, 0, 0, 0, 0]
8;0;0.44339793723268484;0.525123470890802;[0, 0, 0, 0, 0, 0]
1;0;0.31153184165232356;0.457094743007761;[0, 0, 0, 0, 0, 0]
4;0;0.606778408316646;0.3751553693680659;[0, 0, 0, 0, 0, 0]
5;0;0.3037974683544304;0.504754937820044;[0, 0, 0, 0, 0, 0]
4;0;0.606778408316646;0.3751553693680659;[0, 0, 0, 0, 0, 0]
1;0;0.31153184165232356;0.457094743007761;[0, 0, 0, 0, 0, 0]
8;0;0.44339793723268484;0.525123470890802;[0, 0, 0, 0, 0, 0]
1;0;0.31153184165232356;0.457094743007761;[0, 0, 0, 0, 0, 0]
7;0;0.4197785332160765;0.3985140492158866;[0, 0, 0, 0, 0, 0]
6;0;0.5137847719581318;0.49812207993748525;[0, 0, 0, 0, 0, 0]
8;0;0.44339793723268484;0.525123470890802;[0, 0, 0, 0, 0, 0]
6;0;0.5137847719581318;0.49812207993748525;[0, 0, 0, 0, 0, 0]
6;0;0.5137847719581318;0.49812207993748525;[0, 0, 0, 0, 0, 0]
6;0;0.5137847719581318;0.49812207993748525;[0, 0, 0, 0, 0, 0]
6;0;0.5137847719581318;0.49812207993748525;[0, 0, 0, 0, 0, 0]
6;0;0.5137847719581318;0.49812207993748525;[0, 0, 0, 0, 0, 0]
6;0;0.5137847719581318;0.49812207993748525;[0, 0, 0, 0, 0, 0]
6;0;0.5137847719581318;0.49812207993748525;[0, 0, 0, 0, 0, 0]
6;0;0.5137847719581318;0.49812207993748525;[0, 0, 0, 0, 0, 0]
6;0;0.5137847719581318;0.49812207993748525;[0, 0, 0, 0, 0, 0]
6;0;0.43709694354437834;0.4904020845285906;[0, 0, 0, 0, 0, 0]
6;0;0.43709694354437834;0.4904020845285906;[0, 0, 0, 0, 0, 0]
6;0;0.43709694354437834;0.4904020845285906;[0, 0, 0, 0, 0, 0]
6;0;0.43709694354437834;0.4904020845285906;[0, 0, 0, 0, 0, 0]
6;0;0.43709694354437834;0.4904020845285906;[0, 0, 0, 0, 0, 0]
6;0;0.43709694354437834;0.4904020845285906;[0, 0, 0, 0, 0, 0]
6;0;0.43709694354437834;0.4904020845285906;[0, 0, 0, 0, 0, 0]
6;0;0.43709694354437834;0.4904020845285906;[0, 0, 0, 0, 0, 0]
6;0;0.43709694354437834;0.4904020845285906;[0, 0, 0, 0, 0, 0]
6;0;0.43709694354437834;0.4904020845285906;[0, 0, 0, 0, 0, 0]
0;1;1.847019;-0.236381;0.092797
0;2;0.594816;0.443485;0.094079
0;3;9.008600;-6.515389;5.587421
0;1;0.630605;0.304376;0.042329
0;2;0.557715;0.417467;0.044094
0;3;7.605149;-6.331771;5.614537
0;1;1.784760;-0.373236;0.033716
0;2;0.537829;0.504685;0.034821
0;3;15.063082;-11.388131;5.479933
0;1;1.847019;-0.236381;0.034986
0;2;0.594816;0.443485;0.036016
0;3;17.243988;-18.311056;5.699611
0;1;0.630605;0.304376;0.033921
0;2;0.557715;0.417467;0.034920
0;3;7.019324;-4.694306;5.573453
0;1;1.784760;-0.373236;0.033448
0;2;0.537829;0.504685;0.034406
0;3;13.702430;-9.917653;5.577683
0;1;1.847019;-0.236381;0.034234
0;2;0.594816;0.443485;0.035692
0;3;11.839931;-9.007968;5.654506
0;1;0.630605;0.304376;0.033573
0;2;0.557715;0.417467;0.034547
0;3;6.663583;-3.866886;5.696364
0;1;1.784760;-0.373236;0.033408
0;2;0.537829;0.504685;0.034371
0;3;13.828079;-10.564295;5.659265
0;1;1.847019;-0.236381;0.033338
0;2;0.594816;0.443485;0.034291
0;3;13.172289;-8.273046;5.702411
0;1;0.630605;0.304376;0.033412
0;2;0.557715;0.417467;0.034373
0;3;8.324131;-3.710272;5.455722
0;1;1.784760;-0.373236;0.033712
0;2;0.537829;0.504685;0.034666
0;3;12.564715;-9.685397;5.725496
0;1;1.847019;-0.236381;0.033669
0;2;0.594816;0.443485;0.034684
0;3;10.064473;-10.816674;5.509972
0;1;0.630605;0.304376;0.033499
0;2;0.557715;0.417467;0.034468
0;3;10.995576;-11.664419;5.784414
0;1;1.784760;-0.373236;0.033547
0;2;0.537829;0.504685;0.034522
0;3;18.949995;-15.902457;5.529964
0;1;1.847019;-0.236381;0.033540
0;2;0.594816;0.443485;0.034504
0;3;16.781485;-12.416361;5.444664
0;1;0.630605;0.304376;0.033448
0;2;0.557715;0.417467;0.034409
0;3;7.665797;-4.045441;5.599256
0;1;1.784760;-0.373236;0.033580
0;2;0.537829;0.504685;0.034561
0;3;17.665801;-14.029805;5.569999
0;1;1.847019;-0.236381;0.033465
0;2;0.594816;0.443485;0.034433
0;3;14.986013;-15.193126;5.844761
0;1;0.630605;0.304376;0.033394
0;2;0.557715;0.417467;0.034354
0;3;2.260532;-1.514830;5.546883
0;1;1.784760;-0.373236;0.033896
0;2;0.537829;0.504685;0.034882
0;3;17.218697;-15.488478;5.794318
0;1;1.847019;-0.236381;0.033791
0;2;0.594816;0.443485;0.034769
0;3;30.570312;-32.023825;5.763618
0;1;0.630605;0.304376;0.034389
0;2;0.557715;0.417467;0.035392
0;3;14.931974;-14.762395;5.630851
0;1;1.784760;-0.373236;0.034648
0;2;0.537829;0.504685;0.035718
0;3;25.817069;-15.889557;5.627560
0;1;1.847019;-0.236381;0.033996
0;2;0.594816;0.443485;0.034969
0;3;30.606494;-26.942356;5.498943
0;1;0.630605;0.304376;0.033567
0;2;0.557715;0.417467;0.034534
0;3;14.492154;-14.825585;5.769771
0;1;1.784760;-0.373236;0.033584
0;2;0.537829;0.504685;0.034548
0;3;22.050534;-16.185369;5.648709
0;1;1.847019;-0.236381;0.033974
0;2;0.594816;0.443485;0.034934
0;3;6.552630;-5.493919;5.593866
0;1;0.630605;0.304376;0.033615
0;2;0.557715;0.417467;0.034581
0;3;5.508011;-3.010004;5.767006
0;1;1.784760;-0.373236;0.033580
0;2;0.537829;0.504685;0.034547
0;3;8.450257;-9.401320;5.565897
1;1;0.542110;0.407333;0.088970
1;2;0.601608;0.399529;0.091498
1;3;0.407127;0.505723;12.297851
1;1;0.368417;0.477271;0.046472
1;2;0.575385;0.418794;0.049627
1;3;0.275445;0.532706;12.262495
1;1;0.538141;0.454901;0.035807
1;2;0.405434;0.421969;0.038094
1;3;0.387501;0.509150;12.256900
1;1;0.542110;0.407333;0.040250
1;2;0.601608;0.399529;0.042707
1;3;0.452563;0.524443;12.470606
1;1;0.368417;0.477271;0.034319
1;2;0.575385;0.418794;0.036493
1;3;0.347763;0.420435;12.655155
1;1;0.538141;0.454901;0.034480
1;2;0.405434;0.421969;0.036627
1;3;0.460016;0.488707;12.551401
1;1;0.542110;0.407333;0.034535
1;2;0.601608;0.399529;0.036690
1;3;0.324626;0.571589;12.701376
1;1;0.368417;0.477271;0.034492
1;2;0.575385;0.418794;0.036670
1;3;0.293397;0.638031;12.995908
1;1;0.538141;0.454901;0.034453
1;2;0.405434;0.421969;0.036583
1;3;0.274391;0.550499;13.034420
1;1;0.542110;0.407333;0.034498
1;2;0.601608;0.399529;0.036678
1;3;0.365747;0.562529;12.339890
1;1;0.368417;0.477271;0.045870
1;2;0.575385;0.418794;0.049257
1;3;0.385018;0.376727;12.438534
1;1;0.538141;0.454901;0.034458
1;2;0.405434;0.421969;0.036606
1;3;0.308019;0.542891;13.063699
1;1;0.542110;0.407333;0.034615
1;2;0.601608;0.399529;0.036765
1;3;0.354250;0.565016;12.401862
1;1;0.368417;0.477271;0.034350
1;2;0.575385;0.418794;0.036502
1;3;0.381585;0.443999;12.494857
1;1;0.538141;0.454901;0.034552
1;2;0.405434;0.421969;0.036724
1;3;0.393689;0.493301;12.833374
1;1;0.542110;0.407333;0.034446
1;2;0.601608;0.399529;0.036609
1;3;0.390332;0.573806;12.081286
1;1;0.368417;0.477271;0.034325
1;2;0.575385;0.418794;0.036471
1;3;0.454088;0.471167;12.404792
1;1;0.538141;0.454901;0.034091
1;2;0.405434;0.421969;0.036196
1;3;0.425679;0.496798;12.155776
1;1;0.542110;0.407333;0.034121
1;2;0.601608;0.399529;0.036216
1;3;0.465136;0.471579;12.650756
1;1;0.368417;0.477271;0.034080
1;2;0.575385;0.418794;0.036184
1;3;0.394573;0.403298;12.506290
1;1;0.538141;0.454901;0.034370
1;2;0.405434;0.421969;0.036507
1;3;0.377413;0.544025;12.724992
1;1;0.542110;0.407333;0.034189
1;2;0.601608;0.399529;0.036278
1;3;0.395238;0.555318;12.281283
1;1;0.368417;0.477271;0.034604
1;2;0.575385;0.418794;0.036760
1;3;0.471615;0.300956;12.186181
1;1;0.538141;0.454901;0.033629
1;2;0.405434;0.421969;0.035739
1;3;0.338055;0.428996;12.577602
1;1;0.542110;0.407333;0.034121
1;2;0.601608;0.399529;0.036228
1;3;0.497908;0.529203;12.602624
1;1;0.368417;0.477271;0.035246
1;2;0.575385;0.418794;0.037504
1;3;0.269493;0.599163;12.793626
1;1;0.538141;0.454901;0.034546
1;2;0.405434;0.421969;0.036734
1;3;0.376012;0.525241;12.850761
1;1;0.542110;0.407333;0.034729
1;2;0.601608;0.399529;0.036858
1;3;0.375091;0.554966;12.457931
1;1;0.368417;0.477271;0.034051
1;2;0.575385;0.418794;0.036201
1;3;0.257823;0.605425;12.412473
1;1;0.538141;0.454901;0.033939
1;2;0.405434;0.421969;0.036052
1;3;0.361259;0.543317;12.607059
2;1;0.056852;0.922974;0.088354
2;2;0.067577;0.898260;0.089965
2;3;41.641840;-50.697136;6.521069
2;1;0.046994;0.928827;0.038094
2;2;0.070722;0.894458;0.039914
2;3;0.201128;0.651709;6.716547
2;1;0.065187;0.918237;0.030067
2;2;0.097452;0.880577;0.031289
2;3;30.807719;-48.484132;6.776171
2;1;0.056852;0.922974;0.042439
2;2;0.067577;0.898260;0.044196
2;3;26.104787;-37.347574;6.829962
2;1;0.046994;0.928827;0.030194
2;2;0.070722;0.894458;0.031419
2;3;10.871788;-11.398821;6.531872
2;1;0.065187;0.918237;0.031227
2;2;0.097452;0.880577;0.032528
2;3;35.287445;-45.850274;6.747208
2;1;0.056852;0.922974;0.029897
2;2;0.067577;0.898260;0.031084
2;3;38.999970;-51.870708;6.344180
2;1;0.046994;0.928827;0.029961
2;2;0.070722;0.894458;0.031137
2;3;57.815613;-57.070513;6.573535
2;1;0.065187;0.918237;0.029803
2;2;0.097452;0.880577;0.030989
2;3;41.244640;-52.349658;6.820109
2;1;0.056852;0.922974;0.029953
2;2;0.067577;0.898260;0.031149
2;3;56.944340;-52.428695;6.300855
2;1;0.046994;0.928827;0.030582
2;2;0.070722;0.894458;0.031824
2;3;54.762138;-56.258444;6.593311
2;1;0.065187;0.918237;0.030513
2;2;0.097452;0.880577;0.031759
2;3;56.475682;-60.790621;6.489828
2;1;0.056852;0.922974;0.029952
2;2;0.067577;0.898260;0.031140
2;3;57.939805;-55.536954;6.556008
2;1;0.046994;0.928827;0.030004
2;2;0.070722;0.894458;0.031208
2;3;46.696387;-49.643121;6.486728
2;1;0.065187;0.918237;0.029844
2;2;0.097452;0.880577;0.031033
2;3;38.035655;-49.285148;6.612542
2;1;0.056852;0.922974;0.030139
2;2;0.067577;0.898260;0.031336
2;3;4.708848;-3.964158;6.848330
2;1;0.046994;0.928827;0.030107
2;2;0.070722;0.894458;0.031329
2;3;48.520916;-55.706989;6.521198
2;1;0.065187;0.918237;0.030010
2;2;0.097452;0.880577;0.031209
2;3;39.380436;-52.544166;6.749140
2;1;0.056852;0.922974;0.030435
2;2;0.067577;0.898260;0.031627
2;3;42.882544;-55.250130;6.743684
2;1;0.046994;0.928827;0.031487
2;2;0.070722;0.894458;0.032735
2;3;50.629177;-56.582388;6.478156
2;1;0.065187;0.918237;0.029943
2;2;0.097452;0.880577;0.031152
2;3;46.971132;-54.593303;6.593946
2;1;0.056852;0.922974;0.030423
2;2;0.067577;0.898260;0.031622
2;3;43.198738;-50.803786;6.640987
2;1;0.046994;0.928827;0.030062
2;2;0.070722;0.894458;0.031262
2;3;47.169465;-54.368382;6.648374
2;1;0.065187;0.918237;0.029911
2;2;0.097452;0.880577;0.031097
2;3;17.536969;-15.563090;6.704598
2;1;0.056852;0.922974;0.030242
2;2;0.067577;0.898260;0.031494
2;3;2.055682;-1.114795;6.513464
2;1;0.046994;0.928827;0.030245
2;2;0.070722;0.894458;0.031435
2;3;44.851390;-51.486436;6.465637
2;1;0.065187;0.918237;0.029962
2;2;0.097452;0.880577;0.031176
2;3;35.665164;-52.548357;6.678300
2;1;0.056852;0.922974;0.029788
2;2;0.067577;0.898260;0.030970
2;3;29.040224;-35.860449;6.682131
2;1;0.046994;0.928827;0.029843
2;2;0.070722;0.894458;0.031005
2;3;49.373816;-54.097767;6.659435
2;1;0.065187;0.918237;0.031250
2;2;0.097452;0.880577;0.032586
2;3;27.569098;-47.451017;6.653113
3;1;0.974861;-0.272762;0.098391
3;2;0.895242;0.059076;0.099572
3;3;2.775624;-1.406042;4.516716
3;1;5.407614;-4.875840;0.046756
3;2;0.595819;0.439957;0.048329
3;3;1.067865;-0.391867;4.363979
3;1;0.987652;-0.022098;0.035801
3;2;0.697009;0.333333;0.036731
3;3;3.982454;-2.807629;4.491759
3;1;0.974861;-0.272762;0.037468
3;2;0.895242;0.059076;0.038373
3;3;0.976829;0.293007;4.312168
3;1;5.407614;-4.875840;0.033580
3;2;0.595819;0.439957;0.034415
3;3;0.607671;0.514743;4.437489
3;1;0.987652;-0.022098;0.035144
3;2;0.697009;0.333333;0.036750
3;3;3.909595;-2.546500;4.331582
3;1;0.974861;-0.272762;0.033746
3;2;0.895242;0.059076;0.034574
3;3;3.998241;-0.614711;4.421570
3;1;5.407614;-4.875840;0.033375
3;2;0.595819;0.439957;0.034206
3;3;3.220909;-1.572219;4.583297
3;1;0.987652;-0.022098;0.033694
3;2;0.697009;0.333333;0.034525
3;3;3.649012;-2.458382;4.300581
3;1;0.974861;-0.272762;0.034605
3;2;0.895242;0.059076;0.035503
3;3;2.025979;0.126058;4.273506
3;1;5.407614;-4.875840;0.033608
3;2;0.595819;0.439957;0.034439
3;3;0.887089;-0.382636;4.462702
3;1;0.987652;-0.022098;0.033810
3;2;0.697009;0.333333;0.034636
3;3;3.858183;-2.097982;4.417710
3;1;0.974861;-0.272762;0.033470
3;2;0.895242;0.059076;0.034281
3;3;3.146540;-1.343123;4.309907
3;1;5.407614;-4.875840;0.033692
3;2;0.595819;0.439957;0.034529
3;3;0.698378;-0.098532;4.322273
3;1;0.987652;-0.022098;0.033423
3;2;0.697009;0.333333;0.034226
3;3;3.266009;-2.221890;4.443875
3;1;0.974861;-0.272762;0.033677
3;2;0.895242;0.059076;0.034485
3;3;2.542193;0.073613;4.369336
3;1;5.407614;-4.875840;0.046439
3;2;0.595819;0.439957;0.048702
3;3;0.811091;-0.278651;4.390222
3;1;0.987652;-0.022098;0.033647
3;2;0.697009;0.333333;0.034493
3;3;3.796246;-3.174318;4.409932
3;1;0.974861;-0.272762;0.033553
3;2;0.895242;0.059076;0.034381
3;3;1.250307;-0.197037;4.363528
3;1;5.407614;-4.875840;0.033480
3;2;0.595819;0.439957;0.034302
3;3;0.411070;0.134340;4.503312
3;1;0.987652;-0.022098;0.033359
3;2;0.697009;0.333333;0.034180
3;3;3.236349;-1.816834;4.274813
3;1;0.974861;-0.272762;0.033277
3;2;0.895242;0.059076;0.034068
3;3;3.084512;-0.206650;4.394383
3;1;5.407614;-4.875840;0.033516
3;2;0.595819;0.439957;0.034346
3;3;1.017401;-0.519737;4.511530
3;1;0.987652;-0.022098;0.033337
3;2;0.697009;0.333333;0.034154
3;3;2.760751;-2.141774;4.330367
3;1;0.974861;-0.272762;0.033600
3;2;0.895242;0.059076;0.034457
3;3;2.205684;0.159003;4.524047
3;1;5.407614;-4.875840;0.040855
3;2;0.595819;0.439957;0.041715
3;3;0.624205;-0.092676;4.358399
3;1;0.987652;-0.022098;0.033915
3;2;0.697009;0.333333;0.034779
3;3;3.699602;-2.484361;4.407228
3;1;0.974861;-0.272762;0.034105
3;2;0.895242;0.059076;0.034964
3;3;2.143787;-0.196703;4.498546
3;1;5.407614;-4.875840;0.034078
3;2;0.595819;0.439957;0.034927
3;3;3.446359;-2.210986;4.354713
3;1;0.987652;-0.022098;0.033817
3;2;0.697009;0.333333;0.034669
3;3;9.396246;-19.857284;4.404323
4;1;0.222955;0.764086;0.110774
4;2;0.250000;0.681159;0.115051
4;3;3.812899;-4.261536;24.532765
4;1;0.167289;0.796810;0.103334
4;2;0.333333;0.731343;0.107316
4;3;1.713436;-0.703968;25.373008
4;1;0.203746;0.753964;0.103229
4;2;0.200000;0.776316;0.107267
4;3;1.087858;-0.126786;24.853252
4;1;0.222955;0.764086;0.103164
4;2;0.250000;0.681159;0.107108
4;3;1.422552;-0.710862;24.300682
4;1;0.167289;0.796810;0.102963
4;2;0.333333;0.731343;0.106951
4;3;4.431131;-3.705839;25.235786
4;1;0.203746;0.753964;0.104062
4;2;0.200000;0.776316;0.108086
4;3;1.550331;-0.865054;24.431825
4;1;0.222955;0.764086;0.103504
4;2;0.250000;0.681159;0.107435
4;3;2.328353;-2.074764;24.092052
4;1;0.167289;0.796810;0.102785
4;2;0.333333;0.731343;0.106791
4;3;1.036396;-0.207209;24.604987
4;1;0.203746;0.753964;0.103702
4;2;0.200000;0.776316;0.107850
4;3;4.401059;-4.093592;25.906655
4;1;0.222955;0.764086;0.103284
4;2;0.250000;0.681159;0.107203
4;3;1.240327;-0.351664;24.156501
4;1;0.167289;0.796810;0.116983
4;2;0.333333;0.731343;0.122134
4;3;1.489915;-0.723009;24.720897
4;1;0.203746;0.753964;0.103295
4;2;0.200000;0.776316;0.107307
4;3;1.813166;-0.983317;25.367167
4;1;0.222955;0.764086;0.103804
4;2;0.250000;0.681159;0.107726
4;3;1.235055;-0.370647;25.376323
4;1;0.167289;0.796810;0.103395
4;2;0.333333;0.731343;0.107448
4;3;0.580605;0.107354;24.430004
4;1;0.203746;0.753964;0.102146
4;2;0.200000;0.776316;0.106113
4;3;3.154898;-2.889334;24.744468
4;1;0.222955;0.764086;0.109246
4;2;0.250000;0.681159;0.113571
4;3;3.643876;-2.227736;24.155464
4;1;0.167289;0.796810;0.102434
4;2;0.333333;0.731343;0.106342
4;3;2.173442;-1.023029;24.143761
4;1;0.203746;0.753964;0.101695
4;2;0.200000;0.776316;0.105553
4;3;1.183537;-0.340177;25.461851
4;1;0.222955;0.764086;0.102398
4;2;0.250000;0.681159;0.106402
4;3;0.547288;0.222691;24.144828
4;1;0.167289;0.796810;0.102215
4;2;0.333333;0.731343;0.106120
4;3;1.201056;-0.320450;23.866390
4;1;0.203746;0.753964;0.102356
4;2;0.200000;0.776316;0.106211
4;3;0.856389;-0.580851;25.469588
4;1;0.222955;0.764086;0.102535
4;2;0.250000;0.681159;0.106383
4;3;1.234225;-0.163853;24.523461
4;1;0.167289;0.796810;0.102520
4;2;0.333333;0.731343;0.106402
4;3;3.909487;-2.652764;24.383175
4;1;0.203746;0.753964;0.102701
4;2;0.200000;0.776316;0.106699
4;3;0.753497;0.183427;25.477111
4;1;0.222955;0.764086;0.101893
4;2;0.250000;0.681159;0.105838
4;3;1.455276;-0.435398;24.443938
4;1;0.167289;0.796810;0.101166
4;2;0.333333;0.731343;0.105081
4;3;1.209366;-0.303174;24.545800
4;1;0.203746;0.753964;0.102378
4;2;0.200000;0.776316;0.106415
4;3;3.762657;-3.210222;25.388165
4;1;0.222955;0.764086;0.102656
4;2;0.250000;0.681159;0.106556
4;3;4.690558;-3.577853;24.340580
4;1;0.167289;0.796810;0.102320
4;2;0.333333;0.731343;0.106165
4;3;2.358922;-1.615557;24.756296
4;1;0.203746;0.753964;0.102325
4;2;0.200000;0.776316;0.106329
4;3;0.759589;0.071561;25.315121
5;2;0.235565;0.314542;0.087546
5;3;0.633225;0.319760;8.222441
5;1;1.960538;-0.428810;0.034251
5;2;0.250407;-0.333127;0.035920
5;3;0.740419;0.183548;8.101159
5;1;2.534761;-1.137250;0.030212
5;2;0.510578;0.413521;0.031706
5;3;3.836485;-2.666135;7.803018
5;2;0.235565;0.314542;0.030525
5;3;0.725882;0.326556;7.880004
5;1;1.960538;-0.428810;0.029764
5;2;0.250407;-0.333127;0.031251
5;3;1.501076;-0.297637;7.866559
5;1;2.534761;-1.137250;0.029053
5;2;0.510578;0.413521;0.030426
5;3;1.904821;-0.719964;8.069266
5;2;0.235565;0.314542;0.030303
5;3;0.631734;0.320001;8.124171
5;1;1.960538;-0.428810;0.028582
5;2;0.250407;-0.333127;0.029949
5;3;0.708315;0.199915;8.070727
5;1;2.534761;-1.137250;0.029611
5;2;0.510578;0.413521;0.031077
5;3;1.035055;-0.094432;7.957524
5;2;0.235565;0.314542;0.030716
5;3;0.902702;-0.053362;8.115312
5;1;1.960538;-0.428810;0.028630
5;2;0.250407;-0.333127;0.030004
5;3;1.296994;-0.047083;8.221845
5;1;2.534761;-1.137250;0.029053
5;2;0.510578;0.413521;0.030439
5;3;1.299493;-0.524375;8.014358
5;2;0.235565;0.314542;0.030336
5;3;0.869007;-0.007952;7.927948
5;1;1.960538;-0.428810;0.028770
5;2;0.250407;-0.333127;0.030161
5;3;0.707979;0.199997;8.236074
5;1;2.534761;-1.137250;0.028541
5;2;0.510578;0.413521;0.029876
5;3;1.728815;-0.618386;8.181299
5;2;0.235565;0.314542;0.030056
5;3;0.975824;0.258818;7.964573
5;1;1.960538;-0.428810;0.029263
5;2;0.250407;-0.333127;0.030673
5;3;0.737228;0.302639;7.748587
5;1;2.534761;-1.137250;0.028700
5;2;0.510578;0.413521;0.030081
5;3;1.104966;0.098785;7.912885
5;2;0.235565;0.314542;0.030077
5;3;0.900525;0.224304;7.926586
5;1;1.960538;-0.428810;0.028737
5;2;0.250407;-0.333127;0.030110
5;3;1.298216;-0.047773;8.201926
5;1;2.534761;-1.137250;0.028716
5;2;0.510578;0.413521;0.030082
5;3;0.920114;0.033684;8.031139
5;2;0.235565;0.314542;0.030001
5;3;0.898249;-0.048235;8.029346
5;1;1.960538;-0.428810;0.028926
5;2;0.250407;-0.333127;0.030294
5;3;1.014095;0.068766;8.072391
5;1;2.534761;-1.137250;0.029795
5;2;0.510578;0.413521;0.031290
5;3;1.085115;0.191587;8.364051
5;2;0.235565;0.314542;0.030355
5;3;0.630572;0.320190;8.347419
5;1;1.960538;-0.428810;0.028718
5;2;0.250407;-0.333127;0.030065
5;3;0.705935;0.297015;8.380905
5;1;2.534761;-1.137250;0.028654
5;2;0.510578;0.413521;0.029992
5;3;0.941975;0.349040;8.105709
5;2;0.235565;0.314542;0.030105
5;3;0.677814;0.304343;7.821802
5;1;1.960538;-0.428810;0.028722
5;2;0.250407;-0.333127;0.030076
5;3;0.808845;0.241079;8.058244
5;1;2.534761;-1.137250;0.028823
5;2;0.510578;0.413521;0.030183
5;3;0.750307;0.008897;8.208878
6;1;0.585068;0.375323;0.079581
6;2;0.627382;0.237656;0.100996
6;3;0.679807;0.268259;74.620804
6;1;0.778875;0.106654;0.046982
6;2;0.696142;0.179814;0.060451
6;3;0.756556;-0.010948;75.308419
6;1;0.567463;0.371753;0.045539
6;2;0.697532;0.311435;0.058928
6;3;0.677139;0.286085;73.644023
6;1;0.585068;0.375323;0.046705
6;2;0.627382;0.237656;0.059790
6;3;0.568633;0.344740;75.704418
6;1;0.778875;0.106654;0.048554
6;2;0.696142;0.179814;0.062587
6;3;0.552665;0.304665;76.776032
6;1;0.567463;0.371753;0.045683
6;2;0.697532;0.311435;0.058846
6;3;0.594746;0.324586;78.499403
6;1;0.585068;0.375323;0.046440
6;2;0.627382;0.237656;0.060121
6;3;0.643476;0.335559;71.726046
6;1;0.778875;0.106654;0.046442
6;2;0.696142;0.179814;0.059823
6;3;0.707977;0.187418;77.321661
6;1;0.567463;0.371753;0.045918
6;2;0.697532;0.311435;0.059123
6;3;0.621566;0.266797;76.020385
6;1;0.585068;0.375323;0.045643
6;2;0.627382;0.237656;0.058965
6;3;0.609144;0.364037;75.874802
6;1;0.778875;0.106654;0.046251
6;2;0.696142;0.179814;0.059682
6;3;0.799167;-0.136365;77.344371
6;1;0.567463;0.371753;0.046065
6;2;0.697532;0.311435;0.059324
6;3;0.627881;0.271708;74.784143
6;1;0.585068;0.375323;0.051049
6;2;0.627382;0.237656;0.064756
6;3;0.503282;0.423439;77.457097
6;1;0.778875;0.106654;0.045250
6;2;0.696142;0.179814;0.058364
6;3;0.631795;0.012373;76.081752
6;1;0.567463;0.371753;0.045364
6;2;0.697532;0.311435;0.058685
6;3;0.549829;0.367441;75.255132
6;1;0.585068;0.375323;0.045387
6;2;0.627382;0.237656;0.058427
6;3;0.560291;0.411092;74.730218
6;1;0.778875;0.106654;0.045562
6;2;0.696142;0.179814;0.058900
6;3;0.724777;-0.035407;76.199498
6;1;0.567463;0.371753;0.045441
6;2;0.697532;0.311435;0.058464
6;3;0.725461;0.262231;73.394229
6;1;0.585068;0.375323;0.045482
6;2;0.627382;0.237656;0.058636
6;3;0.544053;0.393855;73.588873
6;1;0.778875;0.106654;0.045204
6;2;0.696142;0.179814;0.058447
6;3;0.637156;0.117160;76.118955
6;1;0.567463;0.371753;0.045213
6;2;0.697532;0.311435;0.058658
6;3;0.647442;0.296103;76.616761
6;1;0.585068;0.375323;0.045563
6;2;0.627382;0.237656;0.058583
6;3;0.628638;0.342615;76.188202
6;1;0.778875;0.106654;0.045209
6;2;0.696142;0.179814;0.058133
6;3;0.607494;0.215261;77.689804
6;1;0.567463;0.371753;0.045797
6;2;0.697532;0.311435;0.058870
6;3;0.606838;0.328417;72.054916
6;1;0.585068;0.375323;0.047185
6;2;0.627382;0.237656;0.060546
6;3;0.558678;0.398484;77.772361
6;1;0.778875;0.106654;0.045241
6;2;0.696142;0.179814;0.058472
6;3;0.616470;0.161855;75.657685
6;1;0.567463;0.371753;0.052410
6;2;0.697532;0.311435;0.065795
6;3;0.582537;0.353902;78.081883
6;1;0.585068;0.375323;0.045715
6;2;0.627382;0.237656;0.058981
6;3;0.530737;0.409114;76.897796
6;1;0.778875;0.106654;0.045423
6;2;0.696142;0.179814;0.058808
6;3;0.550274;0.295547;76.772199
6;1;0.567463;0.371753;0.045571
6;2;0.697532;0.311435;0.058704
6;3;0.557068;0.362687;75.462927
7;1;2.171086;0.080577;0.106702
7;2;0.595520;0.273070;0.109069
7;3;2.364932;-0.799105;10.640032
7;1;0.934147;0.359574;0.082482
7;2;0.632677;0.131431;0.085469
7;3;0.674708;0.297873;10.831469
7;1;1.268638;0.117171;0.066497
7;2;0.672470;0.307764;0.068535
7;3;0.638698;0.349309;10.694607
7;1;2.171086;0.080577;0.067322
7;2;0.595520;0.273070;0.069351
7;3;2.066035;-0.608787;10.490811
7;1;0.934147;0.359574;0.066192
7;2;0.632677;0.131431;0.068148
7;3;0.499995;0.249254;10.970264
7;1;1.268638;0.117171;0.066117
7;2;0.672470;0.307764;0.068067
7;3;0.758122;0.253849;11.130520
7;1;2.171086;0.080577;0.068578
7;2;0.595520;0.273070;0.070624
7;3;2.916466;-0.950542;10.552592
7;1;0.934147;0.359574;0.066149
7;2;0.632677;0.131431;0.068107
7;3;0.661430;0.248108;11.104750
7;1;1.268638;0.117171;0.066100
7;2;0.672470;0.307764;0.068043
7;3;0.666218;0.254125;10.854836
7;1;2.171086;0.080577;0.065962
7;2;0.595520;0.273070;0.067852
7;3;1.674230;-0.196866;10.438930
7;1;0.934147;0.359574;0.066055
7;2;0.632677;0.131431;0.067981
7;3;0.554790;0.314837;10.365821
7;1;1.268638;0.117171;0.066039
7;2;0.672470;0.307764;0.067974
7;3;0.659780;0.355458;10.842251
7;1;2.171086;0.080577;0.066472
7;2;0.595520;0.273070;0.068400
7;3;3.004277;-0.967517;10.548815
7;1;0.934147;0.359574;0.066491
7;2;0.632677;0.131431;0.068459
7;3;0.582309;0.284291;10.485068
7;1;1.268638;0.117171;0.066117
7;2;0.672470;0.307764;0.068077
7;3;0.599236;0.350805;11.000920
7;1;2.171086;0.080577;0.066346
7;2;0.595520;0.273070;0.068305
7;3;2.013820;-0.885552;10.267414
7;1;0.934147;0.359574;0.066133
7;2;0.632677;0.131431;0.068072
7;3;0.559919;0.334520;10.936697
7;1;1.268638;0.117171;0.066145
7;2;0.672470;0.307764;0.068081
7;3;0.628141;0.353037;10.696101
7;1;2.171086;0.080577;0.067771
7;2;0.595520;0.273070;0.069748
7;3;2.215522;-0.687331;10.678562
7;1;0.934147;0.359574;0.066245
7;2;0.632677;0.131431;0.068228
7;3;0.558770;0.292277;10.654886
7;1;1.268638;0.117171;0.066265
7;2;0.672470;0.307764;0.068240
7;3;0.751507;0.260601;10.446017
7;1;2.171086;0.080577;0.066415
7;2;0.595520;0.273070;0.068382
7;3;2.683228;-0.909190;10.562452
7;1;0.934147;0.359574;0.066493
7;2;0.632677;0.131431;0.068479
7;3;0.591386;0.309354;10.780177
7;1;1.268638;0.117171;0.067266
7;2;0.672470;0.307764;0.069334
7;3;0.766710;0.252502;10.681470
7;1;2.171086;0.080577;0.066371
7;2;0.595520;0.273070;0.068341
7;3;2.796596;-0.895787;10.467071
7;1;0.934147;0.359574;0.066194
7;2;0.632677;0.131431;0.068188
7;3;0.571112;0.306681;10.761125
7;1;1.268638;0.117171;0.066591
7;2;0.672470;0.307764;0.068554
7;3;0.640354;0.369384;10.901383
7;1;2.171086;0.080577;0.066387
7;2;0.595520;0.273070;0.068339
7;3;2.257744;-0.683927;10.145406
7;1;0.934147;0.359574;0.066473
7;2;0.632677;0.131431;0.068454
7;3;0.532369;0.380002;11.117742
7;1;1.268638;0.117171;0.066917
7;2;0.672470;0.307764;0.068926
7;3;0.744209;0.287211;10.673034
8;1;0.265210;0.740475;0.046869
8;2;0.023669;0.947274;0.051545
8;3;0.074292;0.913840;24.089414
8;1;0.228814;0.759927;0.051512
8;2;0.024450;0.964564;0.055921
8;3;0.180210;0.862529;24.071001
8;1;0.146780;0.880284;0.044654
8;2;0.021897;0.610145;0.049070
8;3;0.123839;0.831235;23.554283
8;1;0.265210;0.740475;0.048004
8;2;0.023669;0.947274;0.052596
8;3;0.100766;0.906654;23.803724
8;1;0.228814;0.759927;0.044820
8;2;0.024450;0.964564;0.049288
8;3;0.061286;0.904600;23.021224
8;1;0.146780;0.880284;0.051093
8;2;0.021897;0.610145;0.056056
8;3;0.126403;0.829835;23.692292
8;1;0.265210;0.740475;0.053637
8;2;0.023669;0.947274;0.058538
8;3;0.088106;0.913022;23.774537
8;1;0.228814;0.759927;0.044381
8;2;0.024450;0.964564;0.048858
8;3;0.148608;0.857212;23.052350
8;1;0.146780;0.880284;0.044248
8;2;0.021897;0.610145;0.048626
8;3;0.123282;0.834051;23.278901
8;1;0.265210;0.740475;0.044634
8;2;0.023669;0.947274;0.049073
8;3;0.139565;0.882605;23.646837
8;1;0.228814;0.759927;0.043945
8;2;0.024450;0.964564;0.048382
8;3;0.080573;0.902431;23.486348
8;1;0.146780;0.880284;0.044942
8;2;0.021897;0.610145;0.049260
8;3;0.155083;0.839759;23.529071
8;1;0.265210;0.740475;0.044301
8;2;0.023669;0.947274;0.048788
8;3;0.129500;0.897395;23.963464
8;1;0.228814;0.759927;0.045320
8;2;0.024450;0.964564;0.049771
8;3;0.202310;0.833238;23.619821
8;1;0.146780;0.880284;0.044374
8;2;0.021897;0.610145;0.048728
8;3;0.139376;0.822514;23.295359
8;1;0.265210;0.740475;0.044090
8;2;0.023669;0.947274;0.048516
8;3;0.085495;0.904765;22.572444
8;1;0.228814;0.759927;0.044933
8;2;0.024450;0.964564;0.049404
8;3;0.062485;0.904388;23.890266
8;1;0.146780;0.880284;0.044128
8;2;0.021897;0.610145;0.048396
8;3;0.156365;0.823064;23.501144
8;1;0.265210;0.740475;0.044562
8;2;0.023669;0.947274;0.049033
8;3;0.080611;0.908274;23.955304
8;1;0.228814;0.759927;0.044307
8;2;0.024450;0.964564;0.048632
8;3;0.081062;0.897917;23.708825
8;1;0.146780;0.880284;0.044069
8;2;0.021897;0.610145;0.048417
8;3;0.116562;0.835135;24.480683
8;1;0.265210;0.740475;0.045250
8;2;0.023669;0.947274;0.049699
8;3;0.169916;0.862608;23.037780
8;1;0.228814;0.759927;0.044564
8;2;0.024450;0.964564;0.049008
8;3;0.141839;0.878127;23.940315
8;1;0.146780;0.880284;0.051154
8;2;0.021897;0.610145;0.056043
8;3;0.135505;0.825192;23.801873
8;1;0.265210;0.740475;0.044214
8;2;0.023669;0.947274;0.048596
8;3;0.087267;0.905612;23.722490
8;1;0.228814;0.759927;0.043827
8;2;0.024450;0.964564;0.048282
8;3;0.088909;0.882922;22.573006
8;1;0.146780;0.880284;0.045253
8;2;0.021897;0.610145;0.049703
8;3;0.136892;0.826216;22.924118
8;1;0.265210;0.740475;0.044598
8;2;0.023669;0.947274;0.049038
8;3;0.172281;0.805148;22.304143
8;1;0.228814;0.759927;0.043925
8;2;0.024450;0.964564;0.048301
8;3;0.054547;0.906808;23.237693
8;1;0.146780;0.880284;0.046028
8;2;0.021897;0.610145;0.050536
8;3;0.231593;0.797637;24.132263